[1] "hCluster Method= average distance Method = euclidean"
[,1] [,2] [,3] [,4] [,5] [,6]
[1,]    0    3    0    0    0    0
[2,]    0    0    2    0    0    0
[3,]    0    0    2    0    0    0
[4,]    0    0    3    0    0    0
[5,]    3    0    1    0    0    0
[6,]    0    0    2    0    0    0
[7,]    0    0    2    0    0    0
[8,]    0    0    2    5    0    0
[9,]    0    0    2    0    0    0
[10,]    1   15    2    0    0    0
[11,]    0    0    7    0    0    0
[12,]    1    0   10    0    0    0
[13,]    0    0    0    0    2    0
[14,]    5    0    0    0    0    0
[15,]    0    0    2    0    0    2

[1] "hCluster Method= average distance Method = maximum"
[,1] [,2] [,3] [,4] [,5] [,6]
[1,]    0    0    2    0    0    0
[2,]   24   20   50    5    4    2

[1] "hCluster Method= average distance Method = manhattan"
[,1] [,2] [,3] [,4] [,5] [,6]
[1,]    0    0    2    5    0    0
[2,]    2    0    0    0    0    0
[3,]   21   20   48    0    4    2

[1] "hCluster Method= average distance Method = canberra"
[,1] [,2] [,3] [,4] [,5] [,6]
[1,]    0    0    2    0    0    0
[2,]    0    0    2    0    0    0
[3,]    0    0    4    0    0    0
[4,]    0    2    0    0    0    0
[5,]    2    2    9    0    0    0
[6,]    1    5    8    0    1    1
[7,]    3    0    0    0    0    0
[8,]    0    0    2    0    0    0
[9,]    1    8    8    0    0    0
[10,]    3    0    0    0    0    0
[11,]    0    0    2    5    0    0
[12,]    3    3    5    0    0    0

[1] "hCluster Method= average distance Method = binary"
[,1] [,2] [,3] [,4] [,5] [,6]
[1,]   24   20   53    5    4    1


[1] "hCluster Method= average distance Method = minkowski"
[,1] [,2] [,3] [,4] [,5] [,6]
[1,]    0    8    0    0    0    0
[2,]    0    3    0    0    0    0
[3,]    0    0    2    0    0    0
[4,]    2    0    0    0    0    0
[5,]    0    0    0    0    0    2
[6,]    0    0    2    0    0    0
[7,]    0    0    2    0    0    0
[8,]    0    0    2    5    0    0
[9,]    0    0    2    0    0    0
[10,]    1    0    9    0    0    0
[11,]    0    0    7    0    0    0
[12,]    0    0    0    0    2    0
[13,]   10    0    7    0    0    0


[1] "hCluster Method= ward distance Method = euclidean"
[,1] [,2] [,3] [,4] [,5] [,6]
[1,]    0    8    0    0    0    0
[2,]    0    3    0    0    0    0
[3,]    0    0    2    0    0    0
[4,]    0    0    3    0    0    0
[5,]    0    0    2    0    0    0
[6,]    0    0    2    0    0    0
[7,]    0    0    2    0    0    0
[8,]    0    0    2    0    0    0
[9,]    0    0    3    0    0    0
[10,]    0    0    1    3    0    0
[11,]    2    0    0    0    0    0
[12,]    0    0    0    0    0    2
[13,]    0    0    2    0    0    0
[14,]    0    0    2    0    0    0
[15,]    0    0    2    0    0    0
[16,]    0    0    1    2    0    0
[17,]    3    0    1    0    0    0
[18,]    0    0    3    0    0    0
[19,]    1    7    2    0    0    0

[1] "hCluster Method= ward distance Method = maximum"
[,1] [,2] [,3] [,4] [,5] [,6]
[1,]    0    8    0    0    0    0
[2,]    0    0    3    0    0    0
[3,]    4    0    6    0    1    2
[4,]    0    1    3    0    0    0
[5,]    1    1    9    0    1    0
[6,]    1    7    2    0    0    0
[7,]   16    3   23    5    2    0
[8,]    2    0    7    0    0    0

[1] "hCluster Method= ward distance Method = manhattan"
[,1] [,2] [,3] [,4] [,5] [,6]
[1,]    0    8    0    0    0    0
[2,]    0    3    0    0    0    0
[3,]    0    3    0    0    0    0
[4,]    0    0    2    0    0    0
[5,]    0    0    2    0    0    0
[6,]    0    0    2    0    0    0
[7,]    0    0    2    0    0    0
[8,]    0    0    0    2    0    0
[9,]    0    0    2    0    0    0
[10,]    0    0    1    3    0    0
[11,]    2    0    0    0    0    0
[12,]    0    0    0    0    2    0
[13,]    5    2   28    0    2    2

[1] "hCluster Method= ward distance Method = canberra"
[,1] [,2] [,3] [,4] [,5] [,6]
[1,]    0    3    0    0    0    0
[2,]    0    0    2    0    0    0
[3,]    0    0    2    0    0    0
[4,]    0    0    1    2    0    0
[5,]    0    2    0    0    0    0
[6,]    0    0    0    2    0    0
[7,]    0    0    2    0    0    0
[8,]    0    0    2    0    0    0
[9,]    3    0    0    0    0    0
[10,]    1    5    8    0    1    1
[11,]    1    8    8    0    0    0
[12,]    2    2   13    0    0    0

[1] "hCluster Method= ward distance Method = binary"
[,1] [,2] [,3] [,4] [,5] [,6]
[1,]   24   20   53    5    4    1

[1] "hCluster Method= ward distance Method = minkowski"
[,1] [,2] [,3] [,4] [,5] [,6]
[1,]    0    8    0    0    0    0
[2,]    0    3    0    0    0    0
[3,]    0    0    2    0    0    0
[4,]    0    0    2    0    0    0
[5,]    0    0    2    0    0    0
[6,]    0    0    2    0    0    0
[7,]    0    0    2    0    0    0
[8,]    0    0    3    0    0    0
[9,]    0    0    1    3    0    0
[10,]    2    0    0    0    0    0
[11,]    0    0    0    0    0    2
[12,]    0    0    2    0    0    0
[13,]    0    0    2    0    0    0
[14,]    0    0    2    0    0    0
[15,]    0    0    1    2    0    0
[16,]    3    0    1    0    0    0
[17,]    0    0    7    0    0    0
[18,]    1    7    2    0    0    0

[1] "hCluster Method= single distance Method = euclidean"
[,1] [,2] [,3] [,4] [,5] [,6]
[1,]    0    8    0    0    0    0
[2,]    0    3    0    0    0    0
[3,]    0    0    2    0    0    0
[4,]    0    0    3    0    0    0
[5,]    0    0    0    0    0    2
[6,]    0    0    4    0    0    0
[7,]   11    0    1    0    0    0
[8,]    1    3   24    5    0    0

[1] "hCluster Method= single distance Method = maximum"
[,1] [,2] [,3] [,4] [,5] [,6]
[1,]   24   20   52    5    4    2

[1] "hCluster Method= single distance Method = manhattan"
[,1] [,2] [,3] [,4] [,5] [,6]
[1,]   24   20   52    5    2    2

[1] "hCluster Method= single distance Method = canberra"
[,1] [,2] [,3] [,4] [,5] [,6]
[1,]    0    0    4    0    0    0
[2,]    2    2    9    0    0    0
[3,]   18   18   38    5    2    2
[4,]    3    0    0    0    0    0


[1] "hCluster Method= single distance Method = binary"
[,1] [,2] [,3] [,4] [,5] [,6]
[1,]   24   20   53    5    4    1

[1] "hCluster Method= single distance Method = minkowski"
[,1] [,2] [,3] [,4] [,5] [,6]
[1,]    0    8    0    0    0    0
[2,]    0    3    0    0    0    0
[3,]    0    0    2    0    0    0
[4,]    0    0    3    0    0    0
[5,]    0    0    0    0    0    2
[6,]    0    0    4    0    0    0
[7,]   11    0    1    0    0    0
[8,]    1    3   25    5    0    0


[1] "hCluster Method= complete distance Method = euclidean"
[,1] [,2] [,3] [,4] [,5] [,6]
[1,]    2    0    1    0    0    0
[2,]    0    8    0    0    0    0
[3,]    0    3    0    0    0    0
[4,]    0    3    0    0    0    0
[5,]    0    0    2    0    0    0
[6,]    0    0    2    0    0    0
[7,]    0    0    2    0    0    0
[8,]    0    0    2    0    0    0
[9,]    0    0    2    0    0    0
[10,]    0    0    3    0    0    0
[11,]    2    0    0    0    0    0
[12,]    0    0    0    0    0    2
[13,]    0    0    2    0    0    0
[14,]    0    0    2    0    0    0
[15,]    0    0    2    5    0    0
[16,]    0    0    7    0    0    0
[17,]    6    1    9    0    0    0


[1] "hCluster Method= complete distance Method = maximum"
[,1] [,2] [,3] [,4] [,5] [,6]
[1,]   24   20   48    5    4    2
[2,]    0    0    5    0    0    0

[1] "hCluster Method= complete distance Method = manhattan"
[,1] [,2] [,3] [,4] [,5] [,6]
[1,]    0    0    2    5    0    0
[2,]    2    0    0    0    0    0
[3,]   21   20   49    0    4    2


[1] "hCluster Method= complete distance Method = canberra"
[,1] [,2] [,3] [,4] [,5] [,6]
[1,]    0    8    0    0    0    0
[2,]    0    0    2    0    0    0
[3,]    0    0    2    0    0    0
[4,]    0    0    4    0    0    0
[5,]    0    0    4    0    0    0
[6,]    0    2    0    0    0    0
[7,]    2    2    9    0    0    0
[8,]    1    5    8    0    1    1
[9,]    3    0    0    0    0    0
[10,]    0    0    3    0    0    0
[11,]    0    0    2    0    0    0
[12,]    0    0    2    5    0    0
[13,]    3    3    5    0    0    0


[1] "hCluster Method= complete distance Method = binary"
[,1] [,2] [,3] [,4] [,5] [,6]
[1,]   24   20   53    5    4    1


[1] "hCluster Method= complete distance Method = minkowski"
[,1] [,2] [,3] [,4] [,5] [,6]
[1,]    2    0    1    0    0    0
[2,]    0    3    0    0    0    0
[3,]    0    0    2    0    0    0
[4,]    0    0    2    0    0    0
[5,]    0    0    2    0    0    0
[6,]    0    0    2    0    0    0
[7,]    0    0    2    0    0    0
[8,]    0    0    3    0    0    0
[9,]    2    0    0    0    0    0
[10,]    0    0    0    0    0    2
[11,]    0    0    2    0    0    0
[12,]    0    0    2    0    0    0
[13,]    0    0    2    5    0    0
[14,]    0    0    7    0    0    0
[15,]    1   15    2    0    0    0


[1] "hCluster Method= mcquitty distance Method = euclidean"
[,1] [,2] [,3] [,4] [,5] [,6]
[1,]    0    8    0    0    0    0
[2,]    0    3    0    0    0    0
[3,]    0    3    0    0    0    0
[4,]    0    0    2    0    0    0
[5,]    0    0    2    0    0    0
[6,]    0    0    2    0    0    0
[7,]    0    0    2    0    0    0
[8,]    0    0    2    0    0    0
[9,]    0    0    0    0    0    2
[10,]    0    0    2    0    0    0
[11,]    0    0    2    0    0    0
[12,]    0    0    2    5    0    0
[13,]    0    0    7    0    0    0
[14,]   22    1   16    0    0    0


[1] "hCluster Method= mcquitty distance Method = maximum"
[,1] [,2] [,3] [,4] [,5] [,6]
[1,]   24   20   50    5    4    2
[2,]    0    0    3    0    0    0


[1] "hCluster Method= mcquitty distance Method = manhattan"
[,1] [,2] [,3] [,4] [,5] [,6]
[1,]    2    0    1    0    0    0
[2,]    0    8    0    0    0    0
[3,]    0    3    0    0    0    0
[4,]    0    3    0    0    0    0
[5,]    0    0    2    0    0    0
[6,]    0    0    3    0    0    0
[7,]    0    0    2    0    0    0
[8,]    0    0    2    0    0    0
[9,]    0    0    2    0    0    0
[10,]    0    0    2    0    0    0
[11,]    0    0    3    0    0    0
[12,]    0    0    2    0    0    0
[13,]    0    0    2    5    0    0
[14,]    2    0    0    0    0    0
[15,]    0    0    0    0    2    0


[1] "hCluster Method= mcquitty distance Method = canberra"
[,1] [,2] [,3] [,4] [,5] [,6]
[1,]    0    0    2    0    0    0
[2,]    0    0    2    0    0    0
[3,]    0    0    4    0    0    0
[4,]    0    2    0    0    0    0
[5,]    2    2    9    0    0    0
[6,]    1    5    8    0    1    1
[7,]    3    0    0    0    0    0
[8,]    0    0    2    0    0    0
[9,]    1    8    8    0    0    0
[10,]    3    0    0    0    0    0
[11,]    0    0    2    5    0    0
[12,]    3    3    5    0    0    0


[1] "hCluster Method= mcquitty distance Method = binary"
[,1] [,2] [,3] [,4] [,5] [,6]
[1,]   24   20   53    5    4    1


[1] "hCluster Method= mcquitty distance Method = minkowski"
[,1] [,2] [,3] [,4] [,5] [,6]
[1,]    0    8    0    0    0    0
[2,]    0    3    0    0    0    0
[3,]    0    3    0    0    0    0
[4,]    0    0    2    0    0    0
[5,]    0    0    2    0    0    0
[6,]    0    0    2    0    0    0
[7,]    0    0    2    0    0    0
[8,]    0    0    3    0    0    0
[9,]    3    0    1    0    0    0
[10,]    2    0    0    0    0    0
[11,]    0    0    0    0    0    2
[12,]    0    0    2    0    0    0
[13,]    0    0    2    0    0    0
[14,]    0    0    2    5    0    0
[15,]    0    0    2    0    0    0
[16,]    0    0    7    0    0    0


[1] "hCluster Method= median distance Method = euclidean"
[,1] [,2] [,3] [,4] [,5] [,6]
[1,]    0    8    0    0    0    0
[2,]    0    3    0    0    0    0
[3,]    0    3    0    0    0    0
[4,]    0    0    2    0    0    0
[5,]    0    0    2    0    0    0
[6,]    0    0    3    0    0    0
[7,]    3    0    1    0    0    0
[8,]    1    0   18    5    0    0
[9,]    0    0    4    0    0    0


[1] "hCluster Method= median distance Method = maximum"
[,1] [,2] [,3] [,4] [,5] [,6]
[1,]   24   20   52    5    4    2


[1] "hCluster Method= median distance Method = manhattan"
[,1] [,2] [,3] [,4] [,5] [,6]
[1,]    2    0    1    0    0    0
[2,]    0    8    0    0    0    0
[3,]    0    3    0    0    0    0
[4,]    0    3    0    0    0    0
[5,]    0    0    2    0    0    0
[6,]    0    0    3    0    0    0
[7,]    0    0    2    0    0    0
[8,]    0    0    2    0    0    0
[9,]    0    0    2    0    0    0
[10,]    0    0    3    0    0    0
[11,]    0    0    2    0    0    0
[12,]    0    0    2    5    0    0
[13,]    2    0    0    0    0    0


[1] "hCluster Method= median distance Method = canberra"
[,1] [,2] [,3] [,4] [,5] [,6]
[1,]    0    3    0    0    0    0
[2,]    0    0    4    0    0    0
[3,]    2    2    9    0    0    0
[4,]    1    5    8    0    1    1
[5,]    0    0    2    0    0    0
[6,]    4    2    6    0    1    1
[7,]    1    8    8    0    0    0
[8,]    0    0    2    5    0    0
[9,]    4    0    3    0    0    0
[10,]    3    0    0    0    0    0


[1] "hCluster Method= median distance Method = binary"
[,1] [,2] [,3] [,4] [,5] [,6]
[1,]   24   20   53    5    4    1


[1] "hCluster Method= median distance Method = minkowski"
[,1] [,2] [,3] [,4] [,5] [,6]
[1,]    0    8    0    0    0    0
[2,]    0    3    0    0    0    0
[3,]    0    3    0    0    0    0
[4,]    0    0    2    0    0    0
[5,]    0    0    3    0    0    0
[6,]    0    0    2    0    0    0
[7,]    0    0    2    0    0    0
[8,]    0    0    3    0    0    0
[9,]    0    0    1    3    0    0
[10,]    0    0    0    2    0    0
[11,]    1    0    7    0    0    0
[12,]    3    0    1    0    0    0
[13,]    0    0    3    0    0    0


[1] "hCluster Method= centroid distance Method = euclidean"
[,1] [,2] [,3] [,4] [,5] [,6]
[1,]    2    0    1    0    0    0
[2,]    0    8    0    0    0    0
[3,]    0    3    0    0    0    0
[4,]    0    3    0    0    0    0
[5,]    0    0    2    0    0    0
[6,]    0    0    3    0    0    0
[7,]    0    0    2    0    0    0
[8,]    0    0    3    0    0    0
[9,]    0    0    2    0    0    0
[10,]    1    0   11    5    0    0


[1] "hCluster Method= centroid distance Method = maximum"
[,1] [,2] [,3] [,4] [,5] [,6]
[1,]   24   20   52    5    4    2


[1] "hCluster Method= centroid distance Method = manhattan"
[,1] [,2] [,3] [,4] [,5] [,6]
[1,]    2    0    0    0    0    0
[2,]   19   20   51    5    2    2


[1] "hCluster Method= centroid distance Method = canberra"
[,1] [,2] [,3] [,4] [,5] [,6]
[1,]    0    0    2    0    0    0
[2,]    0    0    4    0    0    0
[3,]    0    0    2    0    0    0
[4,]    0    0    2    5    0    0
[5,]    6    3    5    0    0    0
[6,]   12   17   34    0    2    2


[1] "hCluster Method= centroid distance Method = binary"
[,1] [,2] [,3] [,4] [,5] [,6]
[1,]   24   20   53    5    4    1


[1] "hCluster Method= centroid distance Method = minkowski"
[,1] [,2] [,3] [,4] [,5] [,6]
[1,]    0    8    0    0    0    0
[2,]    0    3    0    0    0    0
[3,]    0    3    0    0    0    0
[4,]    0    0    2    0    0    0
[5,]    0    0    3    0    0    0
[6,]    0    0    2    0    0    0
[7,]    0    0    2    0    0    0
[8,]    0    0    3    0    0    0
[9,]    0    0    1    3    0    0
[10,]    0    0    0    2    0    0
[11,]    0    0    2    0    0    0
[12,]    1    0    7    0    0    0
[13,]    3    0    1    0    0    0
