[1] 1
[1] 2
[1] 1
[1] 3
[1] 4
[1] 4
[1] 4
[1] 5
[1] 6
[1] 7
[1] 8
[1] 9
[1] 10
[1] 11
[1] 12
[1] 13
[1] 5
[1] 5
[1] 14
[1] 15
[1] 5
[1] 5
[1] 16
[1] 9
[1] 1
[1] 1
[1] 16
[1] 9
[1] 9
[1] 9
[1] 16
[1] 9
[1] 9
[1] 1
[1] 17
[1] 18
[1] 19
[1] 9
[1] 20
[1] 1
[1] 9
[1] 9
[1] 1
[1] 9
[1] 18
[1] 1
[1] 9
[1] 16
[1] 21
[1] 9
[1] 18
[1] 1
[1] 9
[1] 9
[1] 9
[1] 1
[1] 22
[1] 23
[1] 23
[1] 23
[1] 23
[1] 23
[1] 23
[1] 23
[1] 1
[1] 1
[1] 1
[1] 1
[1] 1
[1] 18
[1] 24
[1] 9
[1] 9
[1] 9
[1] 9
[1] 1
[1] 25
[1] 9
[1] 9
[1] 9
[1] 9
[1] 1
[1] 9
[1] 9
[1] 9
[1] 9
[1] 9
[1] 26
[1] 9
[1] 9
[1] 9
[1] 9
[1] 9
[1] 21
[1] 9
[1] 1
[1] 19
[1] 1
[1] 1
[1] 1
[1] 1
[1] 1
[1] 9
[1] 1
[1] 9
[1] 1
[1] 1
[1] 1
[1] 1
[1] 1
[1] 9
[1] 9
[1] 1
[1] 27
[1] 9
[1] 28
[1] 21
[1] 9
[1] 1
[1] 1
[1] 9
[1] 9
[1] 9
[1] 9
[1] 29
[1] 30
[1] 30
[1] 30
[1] 9
[1] 31
[1] 9
[1] 21
[1] 9
[1] 32
[1] 9
[1] 9
[1] 9
[1] 9
[1] 32
[1] 9
[1] 33
[1] 1
[1] 34
[1] 1
[1] 1
[1] 9
[1] 1
[1] 9
[1] 1
[1] 21
[1] 1
[1] 1
[1] 21
[1] 21
[1] 16
[1] 1
[1] 1
[1] 1
[1] 1
[1] 16
[1] 1
[1] 1
[1] 28
[1] 35
[1] 27
[1] 35
[1] 28
[1] 1
[1] 1
[1] 1
[1] 17
[1] 9
[1] 36
[1] 37
[1] 36
[1] 37
[1] 1
[1] 36
[1] 38
[1] 36
[1] 36
[1] 1
[1] 1
[1] 17
[1] 1
[1] 17
[1] 9
[1] 1
[1] 1
[1] 1
[1] 1
[1] 18
[1] 18
[1] 9
[1] 1
[1] 18
[1] 35
[1] 35
[1] 21
[1] 21
[1] 9
[1] 9
[1] 1
[1] 1
[1] 1
[1] 9
[1] 39
[1] 1
[1] 1
[1] 9
[1] 1
[1] 9
[1] 40
[1] 40
[1] 1
[1] 28
[1] 9
[1] 9
[1] 18
[1] 9
[1] 9
[1] 9
[1] 1
[1] 9
[1] 1
[1] 1
[1] 21
[1] 21
[1] 41
[1] 42
[1] 42
[1] 43
[1] 9
[1] 9
[1] 9
[1] 1
[1] 44
[1] 9
[1] 18
[1] 9
[1] 18
[1] 9
[1] 18
[1] 36
[1] 36
[1] 37
[1] 36
[1] 36
[1] 36
[1] 9
[1] 9
[1] 9
[1] 9
[1] 1
[1] 9
[1] 9
[1] 9
[1] 9
[1] 16
[1] 16
[1] 1
[1] 1
[1] 1
[1] 1
[1] 1
[1] 27
[1] 9
[1] 9
[1] 9
[1] 28
[1] 9
[1] 9
[1] 9
[1] 9
[1] 9
[1] 9
[1] 9
[1] 1
[1] 1
[1] 1
[1] 1
[1] 27
[1] 9
[1] 9
[1] 1
[1] 9
[1] 9
[1] 35
[1] 1
[1] 9
[1] 9
[1] 45
[1] 46
[1] 47
[1] 9
[1] 1
[1] 1
[1] 18
[1] 18
[1] 1
[1] 1
[1] 21
[1] 21
[1] 28
[1] 28
[1] 28
[1] 35
[1] 9
[1] 9
[1] 9
[1] 9
[1] 1
[1] 9
[1] 1
[1] 19
[1] 1
[1] 1
[1] 1
[1] 1
[1] 9
[1] 9
[1] 9
[1] 9
[1] 9
[1] 9
[1] 18
[1] 18
[1] 1
[1] 18
[1] 1
[1] 1
[1] 1
[1] 1
[1] 9
[1] 9
[1] 1
[1] 18
[1] 18
[1] 1
[1] 1
[1] 9
[1] 1
[1] 9
[1] 1
[1] 1
[1] 16
[1] 9
[1] 1
[1] 1
[1] 1
[1] 9
[1] 1
[1] 9
[1] 1
[1] 1
[1] 28
[1] 9
[1] 9
[1] 1
[1] 1
[1] 1
[1] 48
[1] 26
[1] 9
[1] 1
[1] 1
[1] 1
[1] 1
[1] 9
[1] 9
[1] 9
[1] 9
[1] 1
[1] 9
[1] 1
[1] 1
[1] 9
[1] 9
[1] 9
[1] 18
[1] 1
[1] 49
[1] 50
[1] 1
[1] 1
[1] 9
[1] 9
[1] 29
[1] 29
[1] 50
[1] 29
[1] 1
[1] 1
[1] 1
[1] 21
[1] 21
[1] 51
[1] 52
[1] 53
[1] 28
[1] 9
[1] 9
[1] 9
[1] 9
[1] 1
[1] 9
[1] 1
[1] 9
[1] 1
[1] 1
[1] 1
[1] 54
[1] 1
[1] 9
[1] 9
[1] 9
[1] 9
[1] 1
[1] 55
[1] 1
[1] 1
[1] 1
[1] 1
[1] 1
[1] 41
[1] 18
[1] 1
[1] 18
[1] 1
[1] 25
[1] 1
[1] 1
[1] 1
[1] 1
[1] 9
[1] 9
[1] 1
[1] 9
[1] 1
[1] 9
[1] 1
[1] 18
[1] 1
[1] 1
[1] 1
[1] 1
[1] 1
[1] 49
[1] 1
[1] 49
[1] 1
[1] 9
[1] 9
[1] 9
[1] 1
[1] 1
[1] 56
[1] 54
[1] 21
[1] 21
[1] 57
[1] 21
[1] 9
[1] 1
[1] 9
[1] 9
[1] 1
[1] 9
[1] 9
[1] 1
[1] 1
[1] 1
[1] 1
[1] 1
[1] 1
[1] 1
[1] 1
[1] 1
[1] 1
[1] 1
[1] 1
[1] 9
[1] 1
[1] 9
[1] 1
[1] 9
[1] 9
[1] 9
[1] 1
[1] 28
[1] 28
[1] 1
[1] 9
[1] 54
[1] 9
[1] 9
[1] 9
[1] 9
[1] 9
[1] 26
[1] 26
[1] 26
[1] 27
[1] 27
[1] 58
[1] 9
[1] 1
[1] 18
[1] 1
[1] 19
[1] 1
[1] 1
[1] 1
[1] 1
[1] 9
[1] 9
[1] 9
[1] 1
[1] 9
[1] 9
[1] 9
[1] 9
[1] 9
[1] 1
[1] 1
[1] 43
[1] 59
[1] 43
[1] 1
[1] 43
[1] 59
[1] 56
[1] 56
[1] 60
[1] 1
[1] 18
[1] 18
[1] 54
[1] 18
[1] 30
[1] 1
[1] 1
[1] 32
[1] 9
[1] 32
[1] 9
[1] 9
[1] 1
[1] 18
[1] 18
[1] 1
[1] 1
[1] 1
[1] 1
[1] 1
[1] 1
[1] 1
[1] 1
[1] 1
[1] 1
[1] 17
[1] 17
[1] 18
[1] 18
[1] 49
[1] 49
[1] 17
[1] 17
[1] 49
[1] 1
[1] 1
[1] 1
[1] 1
[1] 1
[1] 1
[1] 18
[1] 49
[1] 1
[1] 1
[1] 9
[1] 49
[1] 9
[1] 9
[1] 21
[1] 27
[1] 28
[1] 9
[1] 9
[1] 9
[1] 9
[1] 9
[1] 1
[1] 1
[1] 1
[1] 1
[1] 1
[1] 1
[1] 1
[1] 1
[1] 9
[1] 9
[1] 28
[1] 17
[1] 17
[1] 9
[1] 9
[1] 9
[1] 9
[1] 9
[1] 1
[1] 1
[1] 9
[1] 1
[1] 18
[1] 9
[1] 9
[1] 9
[1] 9
[1] 1
[1] 9
[1] 1
[1] 1
[1] 1
[1] 9
[1] 1
[1] 1
[1] 1
[1] 43
[1] 43
[1] 54
[1] 1
[1] 61
[1] 62
[1] 1
[1] 1
[1] 63
[1] 63
[1] 54
[1] 59
[1] 1
[1] 58
[1] 21
[1] 9
[1] 9
[1] 9
[1] 9
[1] 9
[1] 9
[1] 9
[1] 9
[1] 9
[1] 43
[1] 43
[1] 1
[1] 1
[1] 1
[1] 1
[1] 1
[1] 9
[1] 9
[1] 9
[1] 1
[1] 1
[1] 11
[1] 64
[1] 65
[1] 6
[1] 6
[1] 11
[1] 5
[1] 5
[1] 66
[1] 67
[1] 68
[1] 68
[1] 67
[1] 69
[1] 70
[1] 68
[1] 68
[1] 68
[1] 71
[1] 68
[1] 68
[1] 67
[1] 68
[1] 72
[1] 73
[1] 68
[1] 74
[1] 67
[1] 68
[1] 72
[1] 75
[1] 69
[1] 76
[1] 77
[1] 78
[1] 79
[1] 67
[1] 80
[1] 68
[1] 81
[1] 68
[1] 72
[1] 67
[1] 82
[1] 83
[1] 67
[1] 84
[1] 68
[1] 85
[1] 67
[1] 86
[1] 68
[1] 87
[1] 87
[1] 88
[1] 88
[1] 89
[1] 90
[1] 91
[1] 90
[1] 92
[1] 93
[1] 94
[1] 5
[1] 5
[1] 95
[1] 96
[1] 90
[1] 92
[1] 92
[1] 5
[1] 68
[1] 5
[1] 97
[1] 5
[1] 98
[1] 99
[1] 5
[1] 100
[1] 5
[1] 92
[1] 101
[1] 90
[1] 92
[1] 5
[1] 90
[1] 92
[1] 92
[1] 92
[1] 102
[1] 68
[1] 5
[1] 39
[1] 103
[1] 104
[1] 104
[1] 78
[1] 104
[1] 105
[1] 71
[1] 106
[1] 107
[1] 108
[1] 109
[1] 110
[1] 111
[1] 112
[1] 14
[1] 113
[1] 113
[1] 114
[1] 115
[1] 116
[1] 117
[1] 118
[1] 119
[1] 120
[1] 114
[1] 121
[1] 117
[1] 122
[1] 123
[1] 124
[1] 123
[1] 125
[1] 126
[1] 127
[1] 126
[1] 127
[1] 127
[1] 127
[1] 126
[1] 126
[1] 119
[1] 119
[1] 119
[1] 128
[1] 129
[1] 130
[1] 130
[1] 130
[1] 131
[1] 132
[1] 132
[1] 133
[1] 131
[1] 134
[1] 131
[1] 134
[1] 135
[1] 131
[1] 136
[1] 137
[1] 136
[1] 131
[1] 131
[1] 131
[1] 131
[1] 131
[1] 134
[1] 130
[1] 138
[1] 139
[1] 139
[1] 139
[1] 139
[1] 140
[1] 141
[1] 142
[1] 133
[1] 131
[1] 136
[1] 142
[1] 133
[1] 135
[1] 131
[1] 131
[1] 135
[1] 135
[1] 136
[1] 136
[1] 135
[1] 135
[1] 135
[1] 136
[1] 143
[1] 133
[1] 139
[1] 139
[1] 139
[1] 144
[1] 134
[1] 131
[1] 131
[1] 131
[1] 133
[1] 145
[1] 146
[1] 147
[1] 148
[1] 131
[1] 134
[1] 134
[1] 134
[1] 131
[1] 149
[1] 148
[1] 135
[1] 150
[1] 151
[1] 134
[1] 133
[1] 152
[1] 153
[1] 136
[1] 131
[1] 21
[1] 21
[1] 136
[1] 154
[1] 131
[1] 21
[1] 21
[1] 139
[1] 139
[1] 139
[1] 139
[1] 155
[1] 139
[1] 156
[1] 157
[1] 134
[1] 158
[1] 135
[1] 131
[1] 131
[1] 134
[1] 134
[1] 131
[1] 159
[1] 139
[1] 160
[1] 161
[1] 162
[1] 163
[1] 162
[1] 152
[1] 164
[1] 165
[1] 151
[1] 165
[1] 166
[1] 167
[1] 168
[1] 160
[1] 161
[1] 161
[1] 133
[1] 133
[1] 133
[1] 133
[1] 133
[1] 169
[1] 161
[1] 170
[1] 171
[1] 134
[1] 134
[1] 136
[1] 172
[1] 173
[1] 174
[1] 175
[1] 176
[1] 177
[1] 177
[1] 177
[1] 177
[1] 177
[1] 177
[1] 177
[1] 177
[1] 177
[1] 177
[1] 177
[1] 177
[1] 177
[1] 177
[1] 177
[1] 177
[1] 177
[1] 177
[1] 177
[1] 177
[1] 177
[1] 177
[1] 177
[1] 177
[1] 178
[1] 179
[1] 180
[1] 181
[1] 182
[1] 183
[1] 179
[1] 179
[1] 184
[1] 181
[1] 181
[1] 185
[1] 181
[1] 179
[1] 186
[1] 187
[1] 188
[1] 189
[1] 190
[1] 191
[1] 192
[1] 193
[1] 194
[1] 194
[1] 195
[1] 194
[1] 196
[1] 197
[1] 197
[1] 198
[1] 190
[1] 199
[1] 200
[1] 201
[1] 201
[1] 201
[1] 77
[1] 202
[1] 202
[1] 203
[1] 204
[1] 205
[1] 204
[1] 206
[1] 192
[1] 207
[1] 206
[1] 206
[1] 206
[1] 206
[1] 208
[1] 209
[1] 209
[1] 210
[1] 210
[1] 209
[1] 211
[1] 212
[1] 92
[1] 92
[1] 213
[1] 164
[1] 152
[1] 214
[1] 214
[1] 152
[1] 187
[1] 215
[1] 216
[1] 164
[1] 164
[1] 216
[1] 217
[1] 164
[1] 164
[1] 164
[1] 164
[1] 218
[1] 218
[1] 218
[1] 218
[1] 219
[1] 164
[1] 164
[1] 152
[1] 220
[1] 152
[1] 221
[1] 221
[1] 221
[1] 222
[1] 222
[1] 223
[1] 215
[1] 164
[1] 215
[1] 164
[1] 224
[1] 225
[1] 226
[1] 226
[1] 226
[1] 227
[1] 226
[1] 228
[1] 228
[1] 228
[1] 227
[1] 228
[1] 164
[1] 164
[1] 164
[1] 164
[1] 164
[1] 229
[1] 230
[1] 231
[1] 232
[1] 152
[1] 216
[1] 152
[1] 164
[1] 233
[1] 215
[1] 215
[1] 215
[1] 152
[1] 215
[1] 215
[1] 215
[1] 138
[1] 204
[1] 204
[1] 234
[1] 234
[1] 235
[1] 236
[1] 234
[1] 190
[1] 237
[1] 234
[1] 238
[1] 78
[1] 238
[1] 78
[1] 239
[1] 240
[1] 240
[1] 238
[1] 238
[1] 241
[1] 138
[1] 138
[1] 138
[1] 138
[1] 138
[1] 138
[1] 138
[1] 138
[1] 138
[1] 138
[1] 242
[1] 138
[1] 138
[1] 242
[1] 138
[1] 242
[1] 243
[1] 244
[1] 244
[1] 138
[1] 138
[1] 234
[1] 242
[1] 138
[1] 242
[1] 138
[1] 138
[1] 138
[1] 138
[1] 190
[1] 138
[1] 245
[1] 246
[1] 247
[1] 78
[1] 138
[1] 138
[1] 138
[1] 138
[1] 242
[1] 248
[1] 249
[1] 138
[1] 234
[1] 250
[1] 250
[1] 138
[1] 138
[1] 138
[1] 138
[1] 138
[1] 138
[1] 251
[1] 138
[1] 252
[1] 252
[1] 252
[1] 138
[1] 235
[1] 253
[1] 254
[1] 200
[1] 255
[1] 255
[1] 190
[1] 59
[1] 256
[1] 257
[1] 190
[1] 258
[1] 190
[1] 258
[1] 178
[1] 190
[1] 190
[1] 190
[1] 259
[1] 190
[1] 190
[1] 260
[1] 260
[1] 190
[1] 260
[1] 190
[1] 190
[1] 261
[1] 262
[1] 262
[1] 190
[1] 190
[1] 256
[1] 190
[1] 190
[1] 190
[1] 190
[1] 190
[1] 190
[1] 190
[1] 190
[1] 190
[1] 190
[1] 246
[1] 190
[1] 246
[1] 263
[1] 263
[1] 263
[1] 264
[1] 190
[1] 190
[1] 190
[1] 190
[1] 265
[1] 266
[1] 267
[1] 200
[1] 267
[1] 267
[1] 267
[1] 268
[1] 268
[1] 268
[1] 268
[1] 268
[1] 268
[1] 268
[1] 258
[1] 190
[1] 190
[1] 269
[1] 190
[1] 270
[1] 271
[1] 5
[1] 5
[1] 5
[1] 5
[1] 132
[1] 132
[1] 132
[1] 132
[1] 132
[1] 190
[1] 246
[1] 246
[1] 246
[1] 263
[1] 207
[1] 190
[1] 272
[1] 273
[1] 273
[1] 273
[1] 273
[1] 199
[1] 273
[1] 274
[1] 275
[1] 275
[1] 246
[1] 247
[1] 246
[1] 247
[1] 276
[1] 276
[1] 276
[1] 276
[1] 246
[1] 277
[1] 190
[1] 190
[1] 190
[1] 132
[1] 190
[1] 278
[1] 267
[1] 190
[1] 190
[1] 277
[1] 263
[1] 190
[1] 190
[1] 190
[1] 190
[1] 279
[1] 279
[1] 190
[1] 190
[1] 92
[1] 5
[1] 273
[1] 246
[1] 246
[1] 246
[1] 280
[1] 280
[1] 246
[1] 246
[1] 190
[1] 190
[1] 190
[1] 190
[1] 190
[1] 190
[1] 190
[1] 190
[1] 190
[1] 273
[1] 273
[1] 190
[1] 190
[1] 190
[1] 190
[1] 269
[1] 246
[1] 132
[1] 132
[1] 246
[1] 190
[1] 190
[1] 190
[1] 190
[1] 281
[1] 265
[1] 190
[1] 190
[1] 190
[1] 249
[1] 190
[1] 190
[1] 282
[1] 282
[1] 283
[1] 283
[1] 284
[1] 285
[1] 286
[1] 190
[1] 287
[1] 287
[1] 200
[1] 200
[1] 288
[1] 289
[1] 267
[1] 290
[1] 190
[1] 246
[1] 246
[1] 246
[1] 190
[1] 291
[1] 292
[1] 190
[1] 273
[1] 190
[1] 190
[1] 293
[1] 273
[1] 294
[1] 190
[1] 190
[1] 190
[1] 190
[1] 200
[1] 190
[1] 246
[1] 190
[1] 190
[1] 190
[1] 190
[1] 132
[1] 132
[1] 132
[1] 132
[1] 199
[1] 246
[1] 295
[1] 190
[1] 190
[1] 190
[1] 190
[1] 190
[1] 190
[1] 190
[1] 296
[1] 296
[1] 190
[1] 41
[1] 246
[1] 277
[1] 190
[1] 246
[1] 277
[1] 190
[1] 297
[1] 190
[1] 246
[1] 246
[1] 246
[1] 263
[1] 246
[1] 298
[1] 277
[1] 190
[1] 263
[1] 299
[1] 246
[1] 190
[1] 207
[1] 300
[1] 207
[1] 300
[1] 246
[1] 190
[1] 277
[1] 301
[1] 259
[1] 302
[1] 293
[1] 303
[1] 304
[1] 303
[1] 305
[1] 305
[1] 306
[1] 307
[1] 197
[1] 308
[1] 190
[1] 309
[1] 190
[1] 309
[1] 190
[1] 190
[1] 309
[1] 309
[1] 190
[1] 190
[1] 190
[1] 190
[1] 190
[1] 190
[1] 190
[1] 190
[1] 190
[1] 257
[1] 257
[1] 257
[1] 257
[1] 190
[1] 293
[1] 246
[1] 263
[1] 246
[1] 246
[1] 298
[1] 246
[1] 246
[1] 310
[1] 311
[1] 311
[1] 312
[1] 313
[1] 314
[1] 190
[1] 190
[1] 246
[1] 190
[1] 246
[1] 190
[1] 7
[1] 7
[1] 315
[1] 262
[1] 262
[1] 276
[1] 190
[1] 316
[1] 316
[1] 317
[1] 318
[1] 319
[1] 319
[1] 246
[1] 269
[1] 269
[1] 269
[1] 269
[1] 246
[1] 320
[1] 320
[1] 316
[1] 316
[1] 316
[1] 316
[1] 316
[1] 276
[1] 316
[1] 321
[1] 269
[1] 322
[1] 269
[1] 322
[1] 323
[1] 324
[1] 177
[1] 325
[1] 326
[1] 327
[1] 190
[1] 190
[1] 190
[1] 190
[1] 190
[1] 190
[1] 190
[1] 190
[1] 190
[1] 276
[1] 190
[1] 190
[1] 190
[1] 190
[1] 190
[1] 276
[1] 190
[1] 246
[1] 190
[1] 257
[1] 255
[1] 255
[1] 316
[1] 257
[1] 190
[1] 316
[1] 5
[1] 328
[1] 329
[1] 330
[1] 331
[1] 331
[1] 331
[1] 331
[1] 332
[1] 332
[1] 332
[1] 332
[1] 190
[1] 311
[1] 331
[1] 190
[1] 191
[1] 191
[1] 191
[1] 7
[1] 331
[1] 191
[1] 201
[1] 333
[1] 191
[1] 7
[1] 334
[1] 192
[1] 191
[1] 190
[1] 335
[1] 336
[1] 335
[1] 336
[1] 335
[1] 335
[1] 336
[1] 335
[1] 337
[1] 338
[1] 78
[1] 106
[1] 104
[1] 105
[1] 331
[1] 106
[1] 105
[1] 190
[1] 106
[1] 331
[1] 104
[1] 196
[1] 196
[1] 196
[1] 196
[1] 196
[1] 339
[1] 340
[1] 301
[1] 341
[1] 341
[1] 342
[1] 342
[1] 342
[1] 343
[1] 341
[1] 344
[1] 344
[1] 214
[1] 345
[1] 346
[1] 346
[1] 347
[1] 330
[1] 208
[1] 348
[1] 348
[1] 349
[1] 348
[1] 328
[1] 328
[1] 350
[1] 328
[1] 328
[1] 328
[1] 328
[1] 328
[1] 351
[1] 352
[1] 353
[1] 354
[1] 331
[1] 191
[1] 331
[1] 192
[1] 331
[1] 190
[1] 191
[1] 311
[1] 192
[1] 355
[1] 234
[1] 234
[1] 356
[1] 357
[1] 358
[1] 192
[1] 331
[1] 359
[1] 331
[1] 331
[1] 331
[1] 191
[1] 360
[1] 196
[1] 196
[1] 196
[1] 361
[1] 350
[1] 362
[1] 362
[1] 362
[1] 362
[1] 331
[1] 161
[1] 363
[1] 331
[1] 364
[1] 365
[1] 366
[1] 191
[1] 331
[1] 367
[1] 190
[1] 368
[1] 368
[1] 369
[1] 370
[1] 371
[1] 372
[1] 371
[1] 370
[1] 373
[1] 374
[1] 10
[1] 375
[1] 375
[1] 376
[1] 26
[1] 377
[1] 26
[1] 375
[1] 375
[1] 375
[1] 378
[1] 379
[1] 26
[1] 254
[1] 380
[1] 381
[1] 381
[1] 381
[1] 381
[1] 381
[1] 382
[1] 72
[1] 383
[1] 383
[1] 383
[1] 383
[1] 383
[1] 384
[1] 383
[1] 383
[1] 383
[1] 383
[1] 383
[1] 385
[1] 386
[1] 387
[1] 388
[1] 388
[1] 389
[1] 389
[1] 390
[1] 391
[1] 392
[1] 392
[1] 393
[1] 393
[1] 394
[1] 395
[1] 10
[1] 396
[1] 397
[1] 26
[1] 26
[1] 1
[1] 26
[1] 26
[1] 397
[1] 26
[1] 26
[1] 26
[1] 26
[1] 26
[1] 26
[1] 26
[1] 26
[1] 26
[1] 26
[1] 26
[1] 26
[1] 26
[1] 375
[1] 397
[1] 397
[1] 26
[1] 26
[1] 26
[1] 26
[1] 26
[1] 26
[1] 26
[1] 397
[1] 398
[1] 398
[1] 397
[1] 399
[1] 26
[1] 26
[1] 9
[1] 26
[1] 26
[1] 26
[1] 26
[1] 26
[1] 26
[1] 26
[1] 26
[1] 400
[1] 400
[1] 400
[1] 26
[1] 398
[1] 398
[1] 401
[1] 26
[1] 26
[1] 26
[1] 26
[1] 26
[1] 26
[1] 26
[1] 26
[1] 26
[1] 26
[1] 26
[1] 26
[1] 26
[1] 26
[1] 26
[1] 26
[1] 26
[1] 26
[1] 26
[1] 26
[1] 26
[1] 402
[1] 26
[1] 375
[1] 26
[1] 26
[1] 26
[1] 26
[1] 10
[1] 10
[1] 26
[1] 26
[1] 403
[1] 404
[1] 26
[1] 26
[1] 397
[1] 405
[1] 26
[1] 26
[1] 26
[1] 375
[1] 26
[1] 26
[1] 26
[1] 26
[1] 26
[1] 26
[1] 26
[1] 26
[1] 26
[1] 397
[1] 406
[1] 397
[1] 397
[1] 397
[1] 397
[1] 397
[1] 397
[1] 26
[1] 26
[1] 26
[1] 26
[1] 26
[1] 26
[1] 1
[1] 26
[1] 26
[1] 26
[1] 26
[1] 26
[1] 26
[1] 26
[1] 26
[1] 26
[1] 26
[1] 26
[1] 26
[1] 26
[1] 26
[1] 26
[1] 26
[1] 26
[1] 26
[1] 26
[1] 9
[1] 26
[1] 26
[1] 26
[1] 400
[1] 400
[1] 26
[1] 26
[1] 397
[1] 397
[1] 400
[1] 26
[1] 26
[1] 26
[1] 407
[1] 26
[1] 26
[1] 26
[1] 26
[1] 26
[1] 26
[1] 26
[1] 26
[1] 26
[1] 26
[1] 26
[1] 26
[1] 26
[1] 26
[1] 26
[1] 26
[1] 26
[1] 26
[1] 26
[1] 375
[1] 26
[1] 26
[1] 397
[1] 397
[1] 408
[1] 408
[1] 26
[1] 409
[1] 72
[1] 410
[1] 72
[1] 72
[1] 72
[1] 411
[1] 412
[1] 72
[1] 72
[1] 413
[1] 72
[1] 72
[1] 414
[1] 72
[1] 415
[1] 416
[1] 72
[1] 417
[1] 72
[1] 72
[1] 72
[1] 190
[1] 418
[1] 419
[1] 400
[1] 420
[1] 421
[1] 419
[1] 420
[1] 400
[1] 420
[1] 421
[1] 400
[1] 420
[1] 420
[1] 420
[1] 419
[1] 421
[1] 419
[1] 421
[1] 419
[1] 421
[1] 422
[1] 423
[1] 424
[1] 425
[1] 425
[1] 425
[1] 426
[1] 423
[1] 396
[1] 396
[1] 427
[1] 428
[1] 429
[1] 430
[1] 396
[1] 396
[1] 396
[1] 396
[1] 396
[1] 431
[1] 432
[1] 433
[1] 434
[1] 435
[1] 436
[1] 437
[1] 437
[1] 438
[1] 435
[1] 438
[1] 438
[1] 438
[1] 435
[1] 439
[1] 440
[1] 245
[1] 161
[1] 441
[1] 442
[1] 214
[1] 443
[1] 15
[1] 25
[1] 25
[1] 444
[1] 444
[1] 445
[1] 446
[1] 447
[1] 447
[1] 448
[1] 449
[1] 450
[1] 450
[1] 444
[1] 451
[1] 450
[1] 444
[1] 444
[1] 40
[1] 447
[1] 447
[1] 450
[1] 450
[1] 452
[1] 452
[1] 444
[1] 444
[1] 444
[1] 444
[1] 444
[1] 444
[1] 444
[1] 444
[1] 444
[1] 453
[1] 453
[1] 454
[1] 454
[1] 444
[1] 444
[1] 448
[1] 450
[1] 447
[1] 448
[1] 447
[1] 450
[1] 445
[1] 452
[1] 452
[1] 452
[1] 450
[1] 445
[1] 9
[1] 452
[1] 452
[1] 455
[1] 455
[1] 452
[1] 456
[1] 456
[1] 453
[1] 453
[1] 453
[1] 453
[1] 452
[1] 452
[1] 444
[1] 447
[1] 450
[1] 447
[1] 447
[1] 447
[1] 447
[1] 447
[1] 452
[1] 452
[1] 452
[1] 452
[1] 452
[1] 452
[1] 457
[1] 457
[1] 452
[1] 452
[1] 454
[1] 452
[1] 444
[1] 444
[1] 444
[1] 444
[1] 458
[1] 459
[1] 460
[1] 459
[1] 459
[1] 461
[1] 444
[1] 457
[1] 457
[1] 444
[1] 462
[1] 444
[1] 444
[1] 444
[1] 444
[1] 444
[1] 444
[1] 444
[1] 444
[1] 452
[1] 463
[1] 464
[1] 452
[1] 465
[1] 444
[1] 454
[1] 452
[1] 454
[1] 454
[1] 452
[1] 452
[1] 452
[1] 444
[1] 444
[1] 447
[1] 444
[1] 40
[1] 452
[1] 444
[1] 446
[1] 454
[1] 454
[1] 447
[1] 447
[1] 466
[1] 447
[1] 444
[1] 447
[1] 444
[1] 461
[1] 447
[1] 448
[1] 447
[1] 467
[1] 467
[1] 467
[1] 40
[1] 468
[1] 452
[1] 452
[1] 40
[1] 444
[1] 444
[1] 444
[1] 40
[1] 40
[1] 444
[1] 444
[1] 444
[1] 40
[1] 444
[1] 444
[1] 469
[1] 470
[1] 470
[1] 470
[1] 465
[1] 465
[1] 465
[1] 444
[1] 444
[1] 444
[1] 444
[1] 444
[1] 444
[1] 471
[1] 40
[1] 40
[1] 454
[1] 472
[1] 444
[1] 444
[1] 444
[1] 444
[1] 444
[1] 444
[1] 444
[1] 444
[1] 444
[1] 473
[1] 474
[1] 475
[1] 476
[1] 477
[1] 80
[1] 478
[1] 479
[1] 480
[1] 481
[1] 481
[1] 481
[1] 481
[1] 481
[1] 482
[1] 481
[1] 481
[1] 481
[1] 481
[1] 481
[1] 481
[1] 475
[1] 483
[1] 483
[1] 483
[1] 484
[1] 484
[1] 485
[1] 486
[1] 245
[1] 487
[1] 488
[1] 489
[1] 10
[1] 481
[1] 481
[1] 481
[1] 481
[1] 481
[1] 481
[1] 490
[1] 491
[1] 482
[1] 481
[1] 245
[1] 481
[1] 452
[1] 452
[1] 481
[1] 328
[1] 328
[1] 481
[1] 328
[1] 481
[1] 328
[1] 328
[1] 361
[1] 328
[1] 481
[1] 481
[1] 481
[1] 481
[1] 482
[1] 481
[1] 214
[1] 492
[1] 492
[1] 396
[1] 492
[1] 361
[1] 493
[1] 328
[1] 494
[1] 494
[1] 481
[1] 481
[1] 481
[1] 481
[1] 481
[1] 481
[1] 481
[1] 482
[1] 481
[1] 328
[1] 361
[1] 214
[1] 494
[1] 214
[1] 214
[1] 214
[1] 452
[1] 214
[1] 214
[1] 495
[1] 496
[1] 328
[1] 396
[1] 497
[1] 498
[1] 499
[1] 500
[1] 501
[1] 502
[1] 502
[1] 502
[1] 500
[1] 502
[1] 502
[1] 502
[1] 500
[1] 502
[1] 502
[1] 439
[1] 500
[1] 500
[1] 502
[1] 502
[1] 503
[1] 503
[1] 502
[1] 502
[1] 504
[1] 500
[1] 500
[1] 502
[1] 505
[1] 502
[1] 502
[1] 500
[1] 500
[1] 502
[1] 502
[1] 500
[1] 502
[1] 502
[1] 500
[1] 500
[1] 500
[1] 506
[1] 506
[1] 502
[1] 502
[1] 500
[1] 500
[1] 502
[1] 502
[1] 500
[1] 502
[1] 502
[1] 502
[1] 502
[1] 502
[1] 500
[1] 502
[1] 502
[1] 500
[1] 502
[1] 502
[1] 500
[1] 500
[1] 500
[1] 500
[1] 507
[1] 507
[1] 508
[1] 509
[1] 508
[1] 508
[1] 509
[1] 508
[1] 510
[1] 508
[1] 509
[1] 509
[1] 509
[1] 509
[1] 511
[1] 508
[1] 509
[1] 508
[1] 508
[1] 271
[1] 509
[1] 509
[1] 509
[1] 509
[1] 509
[1] 508
[1] 509
[1] 508
[1] 508
[1] 508
[1] 508
[1] 508
[1] 508
[1] 508
[1] 512
[1] 508
[1] 508
[1] 508
[1] 508
[1] 508
[1] 508
[1] 508
[1] 508
[1] 508
[1] 508
[1] 509
[1] 513
[1] 509
[1] 513
[1] 509
[1] 508
[1] 509
[1] 508
[1] 508
[1] 508
[1] 508
[1] 509
[1] 508
[1] 508
[1] 509
[1] 508
[1] 508
[1] 508
[1] 508
[1] 509
[1] 509
[1] 514
[1] 514
[1] 508
[1] 508
[1] 508
[1] 68
[1] 508
[1] 68
[1] 509
[1] 508
[1] 515
[1] 516
[1] 420
[1] 429
[1] 429
[1] 517
[1] 429
[1] 429
[1] 429
[1] 429
[1] 508
[1] 429
[1] 508
[1] 518
[1] 519
[1] 520
[1] 521
[1] 522
[1] 523
[1] 523
[1] 524
[1] 525
[1] 525
[1] 525
[1] 525
[1] 525
[1] 502
[1] 502
[1] 26
[1] 526
[1] 526
[1] 526
[1] 526
[1] 26
[1] 527
[1] 500
[1] 528
[1] 506
[1] 500
[1] 525
[1] 525
[1] 529
[1] 529
[1] 530
[1] 530
[1] 525
[1] 525
[1] 500
[1] 500
[1] 500
[1] 529
[1] 529
[1] 500
[1] 531
[1] 500
[1] 532
[1] 532
[1] 529
[1] 533
[1] 529
[1] 533
[1] 534
[1] 534
[1] 535
[1] 536
[1] 529
[1] 537
[1] 538
[1] 538
[1] 539
[1] 539
[1] 527
[1] 540
[1] 500
[1] 500
[1] 502
[1] 508
[1] 508
[1] 508
[1] 541
[1] 542
[1] 542
[1] 508
[1] 508
[1] 508
[1] 508
[1] 508
[1] 508
[1] 508
[1] 508
[1] 508
[1] 508
[1] 543
[1] 543
[1] 544
[1] 545
[1] 546
[1] 429
[1] 547
[1] 429
[1] 429
[1] 520
[1] 548
[1] 389
[1] 396
[1] 429
[1] 508
[1] 429
[1] 26
[1] 522
[1] 128
[1] 12
[1] 12
[1] 541
[1] 541
[1] 549
[1] 550
[1] 24
[1] 24
[1] 24
[1] 14
[1] 370
[1] 24
[1] 24
[1] 551
[1] 552
[1] 553
[1] 554
[1] 551
[1] 4
[1] 4
[1] 555
[1] 555
[1] 555
[1] 555
[1] 556
[1] 556
[1] 556
[1] 4
[1] 556
[1] 556
[1] 556
[1] 556
[1] 556
[1] 556
[1] 556
[1] 556
[1] 4
[1] 557
[1] 555
[1] 558
[1] 555
[1] 555
[1] 559
[1] 560
[1] 560
[1] 557
[1] 557
[1] 557
[1] 561
[1] 561
[1] 562
[1] 4
[1] 4
[1] 373
[1] 563
[1] 564
[1] 565
[1] 566
[1] 567
[1] 568
[1] 569
[1] 570
[1] 571
[1] 572
[1] 573
[1] 555
[1] 574
[1] 575
[1] 576
[1] 577
[1] 578
[1] 579
[1] 580
[1] 581
[1] 581
[1] 581
[1] 581
[1] 580
[1] 582
[1] 583
[1] 582
[1] 582
[1] 584
[1] 585
[1] 400
[1] 516
[1] 581
[1] 400
[1] 581
[1] 581
[1] 400
[1] 581
[1] 400
[1] 580
[1] 580
[1] 580
[1] 586
[1] 581
[1] 579
[1] 586
[1] 587
[1] 588
[1] 589
[1] 146
[1] 590
[1] 591
[1] 592
[1] 593
[1] 593
[1] 594
[1] 595
[1] 596
[1] 597
[1] 597
[1] 597
[1] 598
[1] 597
[1] 598
[1] 597
[1] 599
[1] 600
[1] 595
[1] 595
[1] 596
[1] 601
[1] 602
[1] 603
[1] 604
[1] 605
[1] 606
[1] 607
[1] 608
[1] 609
[1] 610
[1] 611
[1] 612
[1] 373
[1] 613
[1] 614
[1] 614
[1] 614
[1] 613
[1] 615
[1] 615
[1] 615
[1] 615
[1] 614
[1] 614
[1] 614
[1] 616
[1] 617
[1] 618
[1] 619
[1] 620
[1] 614
[1] 614
[1] 614
[1] 621
[1] 622
[1] 623
[1] 624
[1] 625
[1] 625
[1] 625
[1] 626
[1] 625
[1] 627
[1] 628
[1] 627
[1] 629
[1] 627
[1] 630
[1] 631
[1] 627
[1] 627
[1] 627
[1] 627
[1] 627
[1] 627
[1] 627
[1] 627
[1] 627
[1] 628
[1] 628
[1] 628
[1] 627
[1] 627
[1] 627
[1] 627
[1] 627
[1] 627
[1] 625
[1] 627
[1] 627
[1] 627
[1] 625
[1] 625
[1] 627
[1] 628
[1] 632
[1] 627
[1] 629
[1] 633
[1] 627
[1] 627
[1] 630
[1] 627
[1] 627
[1] 628
[1] 423
[1] 405
[1] 634
[1] 627
[1] 628
[1] 630
[1] 630
[1] 626
[1] 626
[1] 635
[1] 635
[1] 633
[1] 636
[1] 627
[1] 627
[1] 627
[1] 625
[1] 625
[1] 633
[1] 627
[1] 627
[1] 627
[1] 628
[1] 637
[1] 638
[1] 639
[1] 640
[1] 627
[1] 627
[1] 627
[1] 627
[1] 625
[1] 629
[1] 625
[1] 627
[1] 627
[1] 627
[1] 627
[1] 625
[1] 625
[1] 625
[1] 625
[1] 625
[1] 627
[1] 627
[1] 627
[1] 627
[1] 627
[1] 641
[1] 627
[1] 627
[1] 627
[1] 633
[1] 633
[1] 633
[1] 625
[1] 625
[1] 625
[1] 625
[1] 627
[1] 627
[1] 627
[1] 627
[1] 627
[1] 642
[1] 643
[1] 628
[1] 644
[1] 645
[1] 646
[1] 647
[1] 648
[1] 649
[1] 627
[1] 650
[1] 651
[1] 627
[1] 634
[1] 643
[1] 625
[1] 627
[1] 652
[1] 628
[1] 627
[1] 627
[1] 627
[1] 653
[1] 654
[1] 627
[1] 627
[1] 627
[1] 627
[1] 627
[1] 627
[1] 628
[1] 655
[1] 627
[1] 627
[1] 627
[1] 625
[1] 625
[1] 625
[1] 656
[1] 633
[1] 625
[1] 657
[1] 625
[1] 625
[1] 625
[1] 656
[1] 625
[1] 625
[1] 656
[1] 628
[1] 628
[1] 625
[1] 627
[1] 625
[1] 625
[1] 658
[1] 625
[1] 627
[1] 627
[1] 625
[1] 625
[1] 625
[1] 628
[1] 625
[1] 625
[1] 656
[1] 627
[1] 628
[1] 659
[1] 628
[1] 627
[1] 627
[1] 627
[1] 627
[1] 627
[1] 660
[1] 657
[1] 657
[1] 627
[1] 625
[1] 625
[1] 625
[1] 633
[1] 661
[1] 633
[1] 662
[1] 627
[1] 627
[1] 627
[1] 631
[1] 628
[1] 625
[1] 625
[1] 625
[1] 625
[1] 663
[1] 627
[1] 627
[1] 625
[1] 662
[1] 625
[1] 633
[1] 627
[1] 625
[1] 625
[1] 625
[1] 633
[1] 627
[1] 627
[1] 627
[1] 627
[1] 627
[1] 627
[1] 627
[1] 627
[1] 627
[1] 627
[1] 625
[1] 625
[1] 625
[1] 633
[1] 625
[1] 625
[1] 664
[1] 627
[1] 627
[1] 627
[1] 627
[1] 636
[1] 665
[1] 636
[1] 665
[1] 627
[1] 627
[1] 627
[1] 627
[1] 627
[1] 627
[1] 627
[1] 627
[1] 656
[1] 627
[1] 656
[1] 625
[1] 625
[1] 654
[1] 627
[1] 627
[1] 627
[1] 627
[1] 627
[1] 666
[1] 625
[1] 627
[1] 627
[1] 627
[1] 627
[1] 625
[1] 634
[1] 633
[1] 627
[1] 627
[1] 635
[1] 410
[1] 405
[1] 627
[1] 627
[1] 627
[1] 628
[1] 667
[1] 641
[1] 628
[1] 625
[1] 625
[1] 656
[1] 668
[1] 669
[1] 670
[1] 516
[1] 671
[1] 672
[1] 59
[1] 673
[1] 674
[1] 674
[1] 675
[1] 676
[1] 674
[1] 677
[1] 677
[1] 658
[1] 673
[1] 673
[1] 674
[1] 102
[1] 678
[1] 679
[1] 430
[1] 430
[1] 430
[1] 430
[1] 430
[1] 624
[1] 680
[1] 430
[1] 430
[1] 658
[1] 681
[1] 658
[1] 658
[1] 682
[1] 683
[1] 684
[1] 685
[1] 686
[1] 687
[1] 688
[1] 689
[1] 685
[1] 690
[1] 691
[1] 692
[1] 693
[1] 419
[1] 689
[1] 694
[1] 694
[1] 695
[1] 689
[1] 689
[1] 696
[1] 697
[1] 634
[1] 698
[1] 634
[1] 634
[1] 405
[1] 642
[1] 634
[1] 699
[1] 700
[1] 698
[1] 701
[1] 702
[1] 405
[1] 703
[1] 703
[1] 698
[1] 405
[1] 704
[1] 705
[1] 698
[1] 405
[1] 699
[1] 405
[1] 405
[1] 405
[1] 699
[1] 405
[1] 405
[1] 405
[1] 634
[1] 405
[1] 405
[1] 706
[1] 706
[1] 707
[1] 707
[1] 707
[1] 707
[1] 624
[1] 624
[1] 405
[1] 405
[1] 405
[1] 405
[1] 423
[1] 634
[1] 634
[1] 708
[1] 634
[1] 709
[1] 405
[1] 658
[1] 634
[1] 624
[1] 405
[1] 405
[1] 405
[1] 405
[1] 634
[1] 634
[1] 709
[1] 634
[1] 710
[1] 634
[1] 634
[1] 634
[1] 699
[1] 699
[1] 405
[1] 405
[1] 405
[1] 405
[1] 405
[1] 405
[1] 405
[1] 405
[1] 405
[1] 711
[1] 405
[1] 712
[1] 713
[1] 400
[1] 709
[1] 624
[1] 699
[1] 405
[1] 405
[1] 714
[1] 634
[1] 699
[1] 634
[1] 634
[1] 703
[1] 405
[1] 405
[1] 699
[1] 405
[1] 624
[1] 715
[1] 715
[1] 715
[1] 405
[1] 699
[1] 405
[1] 634
[1] 405
[1] 634
[1] 642
[1] 699
[1] 405
[1] 624
[1] 634
[1] 634
[1] 716
[1] 624
[1] 680
[1] 717
[1] 405
[1] 699
[1] 718
[1] 718
[1] 624
[1] 624
[1] 624
[1] 624
[1] 405
[1] 405
[1] 405
[1] 405
[1] 405
[1] 405
[1] 698
[1] 698
[1] 718
[1] 634
[1] 624
[1] 719
[1] 698
[1] 698
[1] 701
[1] 698
[1] 698
[1] 698
[1] 698
[1] 698
[1] 698
[1] 698
[1] 698
[1] 698
[1] 698
[1] 702
[1] 698
[1] 698
[1] 720
[1] 405
[1] 405
[1] 721
[1] 722
[1] 405
[1] 405
[1] 709
[1] 709
[1] 709
[1] 423
[1] 634
[1] 449
[1] 405
[1] 405
[1] 405
[1] 405
[1] 703
[1] 405
[1] 699
[1] 405
[1] 723
[1] 724
[1] 634
[1] 725
[1] 705
[1] 705
[1] 705
[1] 705
[1] 705
[1] 705
[1] 705
[1] 405
[1] 709
[1] 725
[1] 705
[1] 705
[1] 705
[1] 705
[1] 705
[1] 705
[1] 634
[1] 634
[1] 726
[1] 642
[1] 727
[1] 405
[1] 405
[1] 405
[1] 405
[1] 728
[1] 405
[1] 405
[1] 634
[1] 405
[1] 405
[1] 405
[1] 405
[1] 405
[1] 699
[1] 634
[1] 634
[1] 634
[1] 405
[1] 405
[1] 405
[1] 699
[1] 702
[1] 634
[1] 699
[1] 405
[1] 430
[1] 634
[1] 634
[1] 729
[1] 634
[1] 634
[1] 705
[1] 709
[1] 709
[1] 634
[1] 725
[1] 705
[1] 705
[1] 705
[1] 705
[1] 705
[1] 705
[1] 705
[1] 405
[1] 730
[1] 703
[1] 703
[1] 731
[1] 405
[1] 705
[1] 634
[1] 642
[1] 634
[1] 634
[1] 634
[1] 705
[1] 699
[1] 699
[1] 634
[1] 698
[1] 698
[1] 430
[1] 634
[1] 634
[1] 634
[1] 634
[1] 405
[1] 642
[1] 400
[1] 709
[1] 709
[1] 400
[1] 699
[1] 634
[1] 634
[1] 642
[1] 634
[1] 634
[1] 634
[1] 405
[1] 634
[1] 405
[1] 699
[1] 405
[1] 699
[1] 405
[1] 634
[1] 732
[1] 624
[1] 624
[1] 718
[1] 449
[1] 718
[1] 718
[1] 718
[1] 405
[1] 405
[1] 405
[1] 699
[1] 624
[1] 634
[1] 405
[1] 405
[1] 405
[1] 634
[1] 642
[1] 642
[1] 634
[1] 730
[1] 405
[1] 709
[1] 709
[1] 405
[1] 725
[1] 1
[1] 19
[1] 733
[1] 1
[1] 733
[1] 1
[1] 733
[1] 1
[1] 733
[1] 444
[1] 705
[1] 705
[1] 1
[1] 733
[1] 444
[1] 705
[1] 444
[1] 705
[1] 444
[1] 705
[1] 1
[1] 733
[1] 444
[1] 705
[1] 444
[1] 709
[1] 709
[1] 725
[1] 444
[1] 1
[1] 19
[1] 733
[1] 1
[1] 733
[1] 1
[1] 733
[1] 1
[1] 733
[1] 444
[1] 705
[1] 705
[1] 1
[1] 733
[1] 444
[1] 705
[1] 444
[1] 705
[1] 444
[1] 705
[1] 1
[1] 733
[1] 444
[1] 705
[1] 444
[1] 634
[1] 634
[1] 634
[1] 734
[1] 698
[1] 698
[1] 701
[1] 624
[1] 624
[1] 405
[1] 716
[1] 634
[1] 624
[1] 405
[1] 405
[1] 430
[1] 430
[1] 405
[1] 735
[1] 736
[1] 736
[1] 430
[1] 634
[1] 737
[1] 658
[1] 658
[1] 626
[1] 626
[1] 680
[1] 430
[1] 738
[1] 658
[1] 739
[1] 430
[1] 740
[1] 741
[1] 741
[1] 430
[1] 430
[1] 430
[1] 742
[1] 677
[1] 624
[1] 737
[1] 737
[1] 743
[1] 430
[1] 744
[1] 430
[1] 745
[1] 746
[1] 746
[1] 746
[1] 726
[1] 746
[1] 746
[1] 746
[1] 746
[1] 726
[1] 746
[1] 726
[1] 726
[1] 726
[1] 747
[1] 748
[1] 746
[1] 748
[1] 748
[1] 746
[1] 746
[1] 726
[1] 623
[1] 680
[1] 624
[1] 624
[1] 624
[1] 680
[1] 680
[1] 623
[1] 624
[1] 680
[1] 624
[1] 680
[1] 624
[1] 623
[1] 624
[1] 680
[1] 624
[1] 680
[1] 624
[1] 680
[1] 624
[1] 680
[1] 624
[1] 680
[1] 624
[1] 680
[1] 680
[1] 624
[1] 680
[1] 680
[1] 624
[1] 749
[1] 624
[1] 624
[1] 680
[1] 680
[1] 680
[1] 624
[1] 624
[1] 680
[1] 624
[1] 624
[1] 430
[1] 680
[1] 624
[1] 624
[1] 624
[1] 624
[1] 624
[1] 624
[1] 624
[1] 680
[1] 680
[1] 750
[1] 624
[1] 624
[1] 680
[1] 751
[1] 623
[1] 624
[1] 752
[1] 624
[1] 624
[1] 624
[1] 680
[1] 624
[1] 624
[1] 624
[1] 624
[1] 680
[1] 624
[1] 624
[1] 624
[1] 624
[1] 624
[1] 624
[1] 624
[1] 680
[1] 680
[1] 430
[1] 430
[1] 430
[1] 680
[1] 680
[1] 680
[1] 624
[1] 680
[1] 624
[1] 680
[1] 680
[1] 680
[1] 624
[1] 624
[1] 624
[1] 753
[1] 624
[1] 624
[1] 624
[1] 680
[1] 623
[1] 624
[1] 680
[1] 680
[1] 680
[1] 680
[1] 623
[1] 680
[1] 680
[1] 680
[1] 624
[1] 680
[1] 754
[1] 624
[1] 680
[1] 624
[1] 624
[1] 754
[1] 624
[1] 624
[1] 624
[1] 624
[1] 624
[1] 680
[1] 754
[1] 680
[1] 624
[1] 624
[1] 680
[1] 680
[1] 624
[1] 624
[1] 749
[1] 624
[1] 624
[1] 624
[1] 624
[1] 624
[1] 624
[1] 624
[1] 624
[1] 624
[1] 624
[1] 624
[1] 624
[1] 624
[1] 624
[1] 755
[1] 624
[1] 624
[1] 624
[1] 624
[1] 624
[1] 624
[1] 624
[1] 624
[1] 624
[1] 680
[1] 623
[1] 624
[1] 680
[1] 624
[1] 624
[1] 624
[1] 624
[1] 680
[1] 680
[1] 624
[1] 624
[1] 624
[1] 680
[1] 680
[1] 624
[1] 624
[1] 624
[1] 624
[1] 624
[1] 624
[1] 699
[1] 699
[1] 699
[1] 699
[1] 699
[1] 756
[1] 624
[1] 754
[1] 757
[1] 623
[1] 680
[1] 680
[1] 680
[1] 624
[1] 624
[1] 680
[1] 624
[1] 624
[1] 624
[1] 624
[1] 624
[1] 624
[1] 623
[1] 624
[1] 624
[1] 623
[1] 623
[1] 624
[1] 680
[1] 680
[1] 624
[1] 624
[1] 758
[1] 759
[1] 680
[1] 624
[1] 680
[1] 680
[1] 680
[1] 680
[1] 680
[1] 680
[1] 680
[1] 680
[1] 624
[1] 624
[1] 624
[1] 624
[1] 680
[1] 680
[1] 680
[1] 680
[1] 680
[1] 680
[1] 680
[1] 680
[1] 624
[1] 680
[1] 623
[1] 624
[1] 624
[1] 680
[1] 624
[1] 680
[1] 624
[1] 624
[1] 624
[1] 624
[1] 624
[1] 680
[1] 680
[1] 680
[1] 624
[1] 624
[1] 624
[1] 624
[1] 680
[1] 624
[1] 623
[1] 680
[1] 624
[1] 680
[1] 680
[1] 624
[1] 680
[1] 430
[1] 680
[1] 680
[1] 623
[1] 624
[1] 624
[1] 624
[1] 680
[1] 680
[1] 624
[1] 624
[1] 624
[1] 624
[1] 624
[1] 624
[1] 680
[1] 680
[1] 680
[1] 680
[1] 623
[1] 623
[1] 623
[1] 430
[1] 624
[1] 680
[1] 623
[1] 430
[1] 760
[1] 680
[1] 680
[1] 430
[1] 430
[1] 430
[1] 430
[1] 761
[1] 756
[1] 430
[1] 430
[1] 430
[1] 430
[1] 430
[1] 430
[1] 430
[1] 761
[1] 755
[1] 762
[1] 430
[1] 430
[1] 430
[1] 763
[1] 430
[1] 764
[1] 430
[1] 756
[1] 430
[1] 765
[1] 430
[1] 430
[1] 430
[1] 680
[1] 624
[1] 430
[1] 658
[1] 430
[1] 430
[1] 766
[1] 680
[1] 680
[1] 767
[1] 680
[1] 680
[1] 680
[1] 766
[1] 766
[1] 430
[1] 430
[1] 430
[1] 430
[1] 430
[1] 430
[1] 624
[1] 430
[1] 430
[1] 430
[1] 430
[1] 430
[1] 430
[1] 430
[1] 768
[1] 430
[1] 768
[1] 430
[1] 624
[1] 624
[1] 624
[1] 624
[1] 680
[1] 624
[1] 680
[1] 680
[1] 623
[1] 680
[1] 680
[1] 624
[1] 624
[1] 624
[1] 624
[1] 624
[1] 624
[1] 624
[1] 680
[1] 680
[1] 680
[1] 405
[1] 751
[1] 769
[1] 769
[1] 769
[1] 769
[1] 770
[1] 770
[1] 770
[1] 770
[1] 751
[1] 751
[1] 771
[1] 770
[1] 772
[1] 770
[1] 773
[1] 774
[1] 770
[1] 770
[1] 770
[1] 770
[1] 770
[1] 770
[1] 770
[1] 775
[1] 624
[1] 624
[1] 271
[1] 776
[1] 770
[1] 777
[1] 777
[1] 778
[1] 778
[1] 778
[1] 779
[1] 780
[1] 780
[1] 781
[1] 782
[1] 782
[1] 782
[1] 783
[1] 783
[1] 783
[1] 783
[1] 783
[1] 783
[1] 783
[1] 405
[1] 784
[1] 785
[1] 786
[1] 786
[1] 786
[1] 787
[1] 788
[1] 789
[1] 790
[1] 791
[1] 792
[1] 624
[1] 793
[1] 770
[1] 794
[1] 795
[1] 796
[1] 778
[1] 797
[1] 625
[1] 668
[1] 430
[1] 776
[1] 770
[1] 756
[1] 798
[1] 799
[1] 794
[1] 800
[1] 800
[1] 774
[1] 751
[1] 751
[1] 801
[1] 751
[1] 751
[1] 627
[1] 751
[1] 751
[1] 802
[1] 624
[1] 624
[1] 803
[1] 658
[1] 804
[1] 804
[1] 658
[1] 805
[1] 805
[1] 741
[1] 741
[1] 405
[1] 806
[1] 807
[1] 808
[1] 809
[1] 405
[1] 703
[1] 806
[1] 405
[1] 405
[1] 810
[1] 807
[1] 807
[1] 405
[1] 405
[1] 808
[1] 626
[1] 430
[1] 756
[1] 430
[1] 811
[1] 624
[1] 680
[1] 405
[1] 405
[1] 812
[1] 813
[1] 770
[1] 814
[1] 624
[1] 751
[1] 776
[1] 815
[1] 816
[1] 817
[1] 818
[1] 819
[1] 770
[1] 820
[1] 770
[1] 821
[1] 820
[1] 822
[1] 821
[1] 820
[1] 751
[1] 404
[1] 823
[1] 824
[1] 823
[1] 824
[1] 823
[1] 825
[1] 824
[1] 823
[1] 826
[1] 826
[1] 826
[1] 826
[1] 826
[1] 826
[1] 826
[1] 827
[1] 825
[1] 828
[1] 824
[1] 823
[1] 823
[1] 824
[1] 824
[1] 824
[1] 824
[1] 824
[1] 824
[1] 823
[1] 824
[1] 824
[1] 829
[1] 825
[1] 102
[1] 830
[1] 825
[1] 831
[1] 832
[1] 823
[1] 102
[1] 833
[1] 824
[1] 834
[1] 823
[1] 825
[1] 678
[1] 102
[1] 102
[1] 830
[1] 824
[1] 823
[1] 823
[1] 823
[1] 835
[1] 825
[1] 729
[1] 829
[1] 824
[1] 824
[1] 824
[1] 824
[1] 836
[1] 825
[1] 825
[1] 824
[1] 825
[1] 823
[1] 739
[1] 837
[1] 824
[1] 828
[1] 678
[1] 825
[1] 825
[1] 838
[1] 839
[1] 678
[1] 823
[1] 678
[1] 840
[1] 824
[1] 824
[1] 825
[1] 678
[1] 678
[1] 678
[1] 823
[1] 823
[1] 825
[1] 824
[1] 824
[1] 824
[1] 681
[1] 824
[1] 619
[1] 824
[1] 824
[1] 825
[1] 825
[1] 825
[1] 825
[1] 825
[1] 841
[1] 824
[1] 824
[1] 842
[1] 824
[1] 681
[1] 102
[1] 102
[1] 824
[1] 840
[1] 824
[1] 678
[1] 843
[1] 678
[1] 824
[1] 844
[1] 824
[1] 845
[1] 840
[1] 824
[1] 831
[1] 824
[1] 824
[1] 824
[1] 825
[1] 846
[1] 678
[1] 824
[1] 824
[1] 823
[1] 825
[1] 842
[1] 842
[1] 823
[1] 824
[1] 825
[1] 825
[1] 505
[1] 831
[1] 102
[1] 742
[1] 847
[1] 824
[1] 824
[1] 824
[1] 844
[1] 848
[1] 742
[1] 742
[1] 404
[1] 404
[1] 849
[1] 404
[1] 404
[1] 850
[1] 404
[1] 404
[1] 851
[1] 851
[1] 852
[1] 852
[1] 853
[1] 853
[1] 853
[1] 852
[1] 853
[1] 853
[1] 853
[1] 853
[1] 853
[1] 853
[1] 853
[1] 853
[1] 852
[1] 404
[1] 404
[1] 404
[1] 850
[1] 404
[1] 404
[1] 404
[1] 850
[1] 404
[1] 404
[1] 404
[1] 404
[1] 404
[1] 404
[1] 404
[1] 404
[1] 404
[1] 853
[1] 853
[1] 853
[1] 853
[1] 853
[1] 853
[1] 853
[1] 854
[1] 404
[1] 850
[1] 404
[1] 404
[1] 404
[1] 404
[1] 404
[1] 404
[1] 404
[1] 624
[1] 680
[1] 624
[1] 855
[1] 404
[1] 404
[1] 850
[1] 404
[1] 850
[1] 850
[1] 850
[1] 404
[1] 404
[1] 404
[1] 404
[1] 853
[1] 404
[1] 404
[1] 853
[1] 853
[1] 404
[1] 404
[1] 404
[1] 404
[1] 430
[1] 856
[1] 404
[1] 624
[1] 404
[1] 404
[1] 404
[1] 850
[1] 404
[1] 857
[1] 404
[1] 404
[1] 404
[1] 850
[1] 404
[1] 858
[1] 859
[1] 860
[1] 861
[1] 404
[1] 404
[1] 404
[1] 404
[1] 404
[1] 858
[1] 404
[1] 862
[1] 850
[1] 858
[1] 863
[1] 864
[1] 865
[1] 850
[1] 866
[1] 858
[1] 404
[1] 858
[1] 680
[1] 404
[1] 850
[1] 404
[1] 850
[1] 404
[1] 404
[1] 867
[1] 868
[1] 869
[1] 870
[1] 871
[1] 872
[1] 873
[1] 874
[1] 874
[1] 874
[1] 874
[1] 874
[1] 874
[1] 875
[1] 876
[1] 874
[1] 874
[1] 874
[1] 874
[1] 874
[1] 876
[1] 874
[1] 874
[1] 874
[1] 874
[1] 874
[1] 874
[1] 877
[1] 874
[1] 878
[1] 874
[1] 874
[1] 874
[1] 876
[1] 874
[1] 874
[1] 879
[1] 874
[1] 874
[1] 874
[1] 874
[1] 874
[1] 874
[1] 879
[1] 880
[1] 881
[1] 879
[1] 874
[1] 874
[1] 874
[1] 874
[1] 874
[1] 874
[1] 874
[1] 874
[1] 874
[1] 881
[1] 874
[1] 829
[1] 102
[1] 102
[1] 405
[1] 405
[1] 102
[1] 882
[1] 883
[1] 102
[1] 678
[1] 102
[1] 884
[1] 885
[1] 729
[1] 886
[1] 102
[1] 739
[1] 102
[1] 729
[1] 729
[1] 102
[1] 729
[1] 729
[1] 729
[1] 885
[1] 887
[1] 827
[1] 102
[1] 102
[1] 102
[1] 729
[1] 873
[1] 888
[1] 889
[1] 624
[1] 890
[1] 891
[1] 624
[1] 624
[1] 892
[1] 893
[1] 624
[1] 894
[1] 624
[1] 624
[1] 430
[1] 430
[1] 624
[1] 624
[1] 624
[1] 624
[1] 680
[1] 319
[1] 319
[1] 895
[1] 319
[1] 891
[1] 896
[1] 897
[1] 624
[1] 624
[1] 624
[1] 624
[1] 624
[1] 624
[1] 624
[1] 624
[1] 892
[1] 895
[1] 895
[1] 319
[1] 898
[1] 749
[1] 319
[1] 624
[1] 624
[1] 899
[1] 624
[1] 624
[1] 624
[1] 624
[1] 895
[1] 319
[1] 680
[1] 715
[1] 680
[1] 623
[1] 680
[1] 899
[1] 319
[1] 319
[1] 891
[1] 319
[1] 319
[1] 900
[1] 730
[1] 680
[1] 624
[1] 899
[1] 901
[1] 624
[1] 624
[1] 624
[1] 902
[1] 624
[1] 903
[1] 903
[1] 903
[1] 903
[1] 903
[1] 904
[1] 905
[1] 903
[1] 903
[1] 903
[1] 319
[1] 624
[1] 902
[1] 624
[1] 906
[1] 907
[1] 624
[1] 624
[1] 624
[1] 624
[1] 899
[1] 624
[1] 623
[1] 623
[1] 624
[1] 624
[1] 624
[1] 319
[1] 624
[1] 624
[1] 624
[1] 902
[1] 624
[1] 624
[1] 624
[1] 624
[1] 895
[1] 624
[1] 908
[1] 895
[1] 624
[1] 624
[1] 624
[1] 749
[1] 909
[1] 899
[1] 624
[1] 899
[1] 624
[1] 899
[1] 680
[1] 319
[1] 910
[1] 624
[1] 60
[1] 319
[1] 319
[1] 319
[1] 319
[1] 319
[1] 624
[1] 911
[1] 911
[1] 405
[1] 405
[1] 405
[1] 405
[1] 405
[1] 405
[1] 405
[1] 405
[1] 405
[1] 405
[1] 405
[1] 405
[1] 405
[1] 405
[1] 405
[1] 405
[1] 405
[1] 405
[1] 405
[1] 405
[1] 405
[1] 405
[1] 405
[1] 405
[1] 405
[1] 405
[1] 699
[1] 405
[1] 405
[1] 405
[1] 405
[1] 405
[1] 405
[1] 405
[1] 405
[1] 699
[1] 405
[1] 405
[1] 405
[1] 405
[1] 405
[1] 405
[1] 405
[1] 405
[1] 405
[1] 405
[1] 405
[1] 405
[1] 405
[1] 405
[1] 405
[1] 405
[1] 405
[1] 405
[1] 699
[1] 405
[1] 405
[1] 405
[1] 404
[1] 404
[1] 404
[1] 404
[1] 404
[1] 404
[1] 404
[1] 404
[1] 850
[1] 850
[1] 404
[1] 850
[1] 404
[1] 404
[1] 404
[1] 404
[1] 404
[1] 404
[1] 404
[1] 404
[1] 404
[1] 404
[1] 404
[1] 404
[1] 404
[1] 404
[1] 849
[1] 404
[1] 912
[1] 404
[1] 913
[1] 850
[1] 680
[1] 404
[1] 624
[1] 624
[1] 914
[1] 915
[1] 915
[1] 915
[1] 915
[1] 915
[1] 915
[1] 915
[1] 404
[1] 624
[1] 730
[1] 850
[1] 404
[1] 624
[1] 404
[1] 915
[1] 915
[1] 680
[1] 624
[1] 624
[1] 730
[1] 624
[1] 624
[1] 850
[1] 624
[1] 915
[1] 680
[1] 915
[1] 857
[1] 624
[1] 902
[1] 404
[1] 624
[1] 624
[1] 624
[1] 850
[1] 624
[1] 915
[1] 915
[1] 404
[1] 874
[1] 874
[1] 876
[1] 874
[1] 874
[1] 624
[1] 874
[1] 874
[1] 876
[1] 874
[1] 916
[1] 876
[1] 874
[1] 404
[1] 404
[1] 902
[1] 404
[1] 404
[1] 917
[1] 404
[1] 404
[1] 624
[1] 624
[1] 918
[1] 881
[1] 881
[1] 919
[1] 919
[1] 919
[1] 920
[1] 921
[1] 922
[1] 624
[1] 623
[1] 405
[1] 624
[1] 624
[1] 624
[1] 680
[1] 680
[1] 680
[1] 680
[1] 754
[1] 923
[1] 680
[1] 680
[1] 623
[1] 623
[1] 623
[1] 624
[1] 680
[1] 624
[1] 624
[1] 624
[1] 624
[1] 319
[1] 902
[1] 680
[1] 924
[1] 902
[1] 623
[1] 680
[1] 623
[1] 623
[1] 623
[1] 623
[1] 754
[1] 925
[1] 623
[1] 623
[1] 680
[1] 923
[1] 624
[1] 624
[1] 624
[1] 624
[1] 623
[1] 754
[1] 624
[1] 623
[1] 754
[1] 624
[1] 623
[1] 624
[1] 624
[1] 680
[1] 754
[1] 680
[1] 680
[1] 623
[1] 680
[1] 902
[1] 623
[1] 926
[1] 926
[1] 623
[1] 623
[1] 923
[1] 2
[1] 680
[1] 680
[1] 927
[1] 680
[1] 680
[1] 680
[1] 754
[1] 925
[1] 623
[1] 680
[1] 902
[1] 680
[1] 623
[1] 680
[1] 623
[1] 624
[1] 680
[1] 680
[1] 624
[1] 624
[1] 623
[1] 680
[1] 680
[1] 623
[1] 754
[1] 754
[1] 680
[1] 902
[1] 680
[1] 623
[1] 624
[1] 624
[1] 928
[1] 623
[1] 680
[1] 626
[1] 929
[1] 626
[1] 626
[1] 626
[1] 626
[1] 626
[1] 930
[1] 430
[1] 626
[1] 626
[1] 931
[1] 430
[1] 626
[1] 626
[1] 626
[1] 626
[1] 929
[1] 626
[1] 626
[1] 626
[1] 761
[1] 761
[1] 761
[1] 761
[1] 626
[1] 626
[1] 626
[1] 626
[1] 626
[1] 930
[1] 430
[1] 430
[1] 405
[1] 810
[1] 627
[1] 891
[1] 891
[1] 891
[1] 891
[1] 932
[1] 895
[1] 895
[1] 319
[1] 319
[1] 891
[1] 891
[1] 933
[1] 319
[1] 319
[1] 319
[1] 319
[1] 319
[1] 891
[1] 891
[1] 891
[1] 934
[1] 891
[1] 891
[1] 891
[1] 891
[1] 891
[1] 891
[1] 319
[1] 319
[1] 319
[1] 319
[1] 891
[1] 891
[1] 891
[1] 891
[1] 430
[1] 430
[1] 430
[1] 430
[1] 430
[1] 430
[1] 430
[1] 430
[1] 430
[1] 430
[1] 430
[1] 430
[1] 430
[1] 430
[1] 626
[1] 430
[1] 735
[1] 735
[1] 626
[1] 935
[1] 430
[1] 430
[1] 430
[1] 430
[1] 430
[1] 430
[1] 430
[1] 626
[1] 430
[1] 430
[1] 430
[1] 430
[1] 936
[1] 430
[1] 430
[1] 430
[1] 430
[1] 430
[1] 430
[1] 430
[1] 430
[1] 430
[1] 430
[1] 430
[1] 430
[1] 430
[1] 430
[1] 430
[1] 430
[1] 430
[1] 430
[1] 430
[1] 430
[1] 430
[1] 430
[1] 430
[1] 430
[1] 430
[1] 937
[1] 430
[1] 430
[1] 430
[1] 430
[1] 430
[1] 430
[1] 430
[1] 430
[1] 430
[1] 938
[1] 626
[1] 430
[1] 430
[1] 430
[1] 430
[1] 626
[1] 938
[1] 939
[1] 430
[1] 430
[1] 430
[1] 430
[1] 430
[1] 430
[1] 430
[1] 430
[1] 430
[1] 430
[1] 430
[1] 430
[1] 430
[1] 430
[1] 430
[1] 940
[1] 430
[1] 430
[1] 430
[1] 430
[1] 430
[1] 430
[1] 430
[1] 430
[1] 430
[1] 430
[1] 430
[1] 430
[1] 941
[1] 430
[1] 430
[1] 430
[1] 430
[1] 430
[1] 430
[1] 430
[1] 430
[1] 430
[1] 937
[1] 430
[1] 430
[1] 430
[1] 430
[1] 937
[1] 942
[1] 430
[1] 430
[1] 894
[1] 937
[1] 937
[1] 937
[1] 430
[1] 937
[1] 430
[1] 430
[1] 430
[1] 430
[1] 943
[1] 430
[1] 939
[1] 430
[1] 430
[1] 937
[1] 430
[1] 430
[1] 941
[1] 894
[1] 430
[1] 937
[1] 430
[1] 430
[1] 430
[1] 430
[1] 430
[1] 937
[1] 430
[1] 430
[1] 430
[1] 937
[1] 937
[1] 430
[1] 430
[1] 430
[1] 430
[1] 430
[1] 430
[1] 430
[1] 430
[1] 430
[1] 430
[1] 430
[1] 430
[1] 944
[1] 945
[1] 945
[1] 945
[1] 945
[1] 946
[1] 945
[1] 945
[1] 945
[1] 945
[1] 947
[1] 948
[1] 945
[1] 949
[1] 950
[1] 945
[1] 945
[1] 945
[1] 945
[1] 945
[1] 945
[1] 951
[1] 945
[1] 945
[1] 937
[1] 430
[1] 952
[1] 952
[1] 952
[1] 952
[1] 953
[1] 952
[1] 952
[1] 952
[1] 952
[1] 954
[1] 952
[1] 952
[1] 955
[1] 430
[1] 956
[1] 430
[1] 952
[1] 957
[1] 952
[1] 626
[1] 953
[1] 952
[1] 952
[1] 952
[1] 958
[1] 430
[1] 430
[1] 430
[1] 959
[1] 959
[1] 953
[1] 676
[1] 960
[1] 959
[1] 959
[1] 959
[1] 959
[1] 959
[1] 961
[1] 962
[1] 963
[1] 430
[1] 101
[1] 964
[1] 964
[1] 965
[1] 964
[1] 953
[1] 966
[1] 959
[1] 959
[1] 967
[1] 959
[1] 968
[1] 430
[1] 969
[1] 970
[1] 964
[1] 964
[1] 959
[1] 959
[1] 959
[1] 964
[1] 964
[1] 971
[1] 972
[1] 973
[1] 973
[1] 973
[1] 973
[1] 973
[1] 973
[1] 973
[1] 973
[1] 973
[1] 973
[1] 973
[1] 973
[1] 973
[1] 973
[1] 974
[1] 430
[1] 430
[1] 430
[1] 975
[1] 756
[1] 430
[1] 976
[1] 430
[1] 430
[1] 977
[1] 978
[1] 979
[1] 404
[1] 850
[1] 404
[1] 404
[1] 404
[1] 850
[1] 404
[1] 404
[1] 850
[1] 404
[1] 404
[1] 404
[1] 404
[1] 404
[1] 404
[1] 404
[1] 404
[1] 404
[1] 404
[1] 404
[1] 404
[1] 404
[1] 915
[1] 624
[1] 851
[1] 624
[1] 624
[1] 404
[1] 404
[1] 850
[1] 404
[1] 980
[1] 404
[1] 404
[1] 404
[1] 404
[1] 850
[1] 404
[1] 404
[1] 404
[1] 404
[1] 404
[1] 404
[1] 404
[1] 404
[1] 404
[1] 404
[1] 404
[1] 404
[1] 404
[1] 404
[1] 404
[1] 874
[1] 404
[1] 404
[1] 874
[1] 874
[1] 751
[1] 751
[1] 981
[1] 751
[1] 751
[1] 751
[1] 751
[1] 751
[1] 982
[1] 911
[1] 751
[1] 751
[1] 751
[1] 983
[1] 911
[1] 984
[1] 751
[1] 911
[1] 911
[1] 751
[1] 751
[1] 751
[1] 751
[1] 751
[1] 751
[1] 751
[1] 751
[1] 751
[1] 751
[1] 751
[1] 751
[1] 624
[1] 751
[1] 981
[1] 751
[1] 751
[1] 985
[1] 985
[1] 976
[1] 986
[1] 987
[1] 988
[1] 988
[1] 988
[1] 988
[1] 988
[1] 976
[1] 988
[1] 989
[1] 976
[1] 988
[1] 976
[1] 976
[1] 976
[1] 976
[1] 976
[1] 976
[1] 990
[1] 991
[1] 991
[1] 989
[1] 976
[1] 988
[1] 853
[1] 992
[1] 59
[1] 993
[1] 59
[1] 59
[1] 59
[1] 60
[1] 981
[1] 994
[1] 59
[1] 994
[1] 995
[1] 59
[1] 59
[1] 60
[1] 59
[1] 59
[1] 996
[1] 60
[1] 59
[1] 59
[1] 59
[1] 60
[1] 59
[1] 59
[1] 59
[1] 59
[1] 59
[1] 419
[1] 59
[1] 59
[1] 59
[1] 60
[1] 59
[1] 997
[1] 60
[1] 60
[1] 60
[1] 60
[1] 60
[1] 60
[1] 60
[1] 60
[1] 60
[1] 59
[1] 998
[1] 59
[1] 60
[1] 59
[1] 59
[1] 59
[1] 60
[1] 60
[1] 60
[1] 60
[1] 60
[1] 60
[1] 60
[1] 60
[1] 60
[1] 60
[1] 60
[1] 59
[1] 60
[1] 60
[1] 60
[1] 999
[1] 998
[1] 60
[1] 1000
[1] 1000
[1] 1001
[1] 164
[1] 59
[1] 59
[1] 60
[1] 59
[1] 59
[1] 59
[1] 1002
[1] 59
[1] 59
[1] 693
[1] 1003
[1] 59
[1] 60
[1] 1004
[1] 59
[1] 59
[1] 60
[1] 992
[1] 59
[1] 59
[1] 59
[1] 60
[1] 59
[1] 59
[1] 59
[1] 1005
[1] 59
[1] 59
[1] 59
[1] 1006
[1] 60
[1] 59
[1] 998
[1] 59
[1] 1007
[1] 59
[1] 59
[1] 59
[1] 59
[1] 59
[1] 60
[1] 998
[1] 59
[1] 59
[1] 59
[1] 992
[1] 1007
[1] 1008
[1] 1009
[1] 59
[1] 59
[1] 59
[1] 60
[1] 59
[1] 59
[1] 1010
[1] 60
[1] 60
[1] 59
[1] 59
[1] 59
[1] 992
[1] 59
[1] 60
[1] 60
[1] 1011
[1] 998
[1] 729
[1] 60
[1] 1012
[1] 1012
[1] 1013
[1] 1012
[1] 59
[1] 1014
[1] 1015
[1] 998
[1] 1014
[1] 60
[1] 60
[1] 998
[1] 60
[1] 60
[1] 1016
[1] 998
[1] 59
[1] 60
[1] 998
[1] 60
[1] 1017
[1] 1018
[1] 998
[1] 998
[1] 998
[1] 60
[1] 998
[1] 60
[1] 294
[1] 60
[1] 1019
[1] 1020
[1] 1011
[1] 1011
[1] 59
[1] 60
[1] 59
[1] 1021
[1] 1014
[1] 59
[1] 998
[1] 998
[1] 60
[1] 1011
[1] 1012
[1] 1022
[1] 1012
[1] 998
[1] 998
[1] 60
[1] 760
[1] 726
[1] 1023
[1] 1024
[1] 59
[1] 59
[1] 998
[1] 59
[1] 60
[1] 59
[1] 59
[1] 60
[1] 60
[1] 60
[1] 998
[1] 60
[1] 59
[1] 1025
[1] 1026
[1] 1027
[1] 998
[1] 60
[1] 59
[1] 59
[1] 1028
[1] 1029
[1] 1023
[1] 59
[1] 59
[1] 60
[1] 59
[1] 1023
[1] 59
[1] 1030
[1] 1031
[1] 1032
[1] 1033
[1] 1031
[1] 1034
[1] 1035
[1] 624
[1] 1036
[1] 1037
[1] 1037
[1] 1038
[1] 1039
[1] 1039
[1] 1037
[1] 1036
[1] 1040
[1] 1041
[1] 733
[1] 1041
[1] 1041
[1] 1037
[1] 1037
[1] 1037
[1] 1011
[1] 1011
[1] 1011
[1] 1037
[1] 1037
[1] 1037
[1] 1037
[1] 1
[1] 1037
[1] 1037
[1] 1037
[1] 897
[1] 1042
[1] 1043
[1] 1043
[1] 1043
[1] 1044
[1] 1045
[1] 1046
[1] 1047
[1] 1048
[1] 1041
[1] 1037
[1] 1049
[1] 1050
[1] 1051
[1] 956
[1] 1041
[1] 1041
[1] 1041
[1] 1048
[1] 1037
[1] 1037
[1] 505
[1] 1036
[1] 733
[1] 733
[1] 1052
[1] 1053
[1] 1037
[1] 1054
[1] 1037
[1] 1037
[1] 733
[1] 1037
[1] 1037
[1] 733
[1] 1040
[1] 1040
[1] 733
[1] 733
[1] 733
[1] 733
[1] 733
[1] 733
[1] 1037
[1] 1037
[1] 1037
[1] 733
[1] 1037
[1] 1037
[1] 1037
[1] 1037
[1] 733
[1] 1036
[1] 733
[1] 751
[1] 60
[1] 1055
[1] 405
[1] 699
[1] 405
[1] 807
[1] 1056
[1] 1057
[1] 1052
[1] 1052
[1] 428
[1] 619
[1] 1037
[1] 1037
[1] 428
[1] 428
[1] 733
[1] 1036
[1] 733
[1] 1040
[1] 733
[1] 733
[1] 1040
[1] 1057
[1] 1037
[1] 897
[1] 428
[1] 1058
[1] 897
[1] 897
[1] 1057
[1] 897
[1] 897
[1] 897
[1] 945
[1] 1059
[1] 428
[1] 430
[1] 1060
[1] 1061
[1] 1062
[1] 733
[1] 1037
[1] 733
[1] 733
[1] 1037
[1] 733
[1] 1037
[1] 733
[1] 733
[1] 733
[1] 733
[1] 733
[1] 733
[1] 897
[1] 733
[1] 733
[1] 733
[1] 733
[1] 733
[1] 733
[1] 733
[1] 733
[1] 1048
[1] 1063
[1] 1063
[1] 1057
[1] 1057
[1] 1063
[1] 1057
[1] 751
[1] 1064
[1] 1037
[1] 1040
[1] 733
[1] 733
[1] 733
[1] 733
[1] 733
[1] 1037
[1] 1037
[1] 1037
[1] 1065
[1] 897
[1] 1066
[1] 1067
[1] 1067
[1] 1040
[1] 428
[1] 1039
[1] 1037
[1] 1037
[1] 1039
[1] 1036
[1] 428
[1] 1037
[1] 1063
[1] 1063
[1] 1063
[1] 1063
[1] 1063
[1] 1063
[1] 733
[1] 1068
[1] 1069
[1] 733
[1] 428
[1] 897
[1] 1036
[1] 428
[1] 1060
[1] 1061
[1] 1070
[1] 1070
[1] 897
[1] 1037
[1] 1071
[1] 1037
[1] 1048
[1] 1072
[1] 1040
[1] 1073
[1] 911
[1] 1074
[1] 1075
[1] 1076
[1] 1077
[1] 911
[1] 1078
[1] 1079
[1] 1080
[1] 1081
[1] 1082
[1] 1083
[1] 1084
[1] 1085
[1] 1086
[1] 1087
[1] 1088
[1] 1089
[1] 1090
[1] 1091
[1] 1074
[1] 1092
[1] 1089
[1] 1093
[1] 1094
[1] 1095
[1] 1089
[1] 1096
[1] 1097
[1] 1097
[1] 1088
[1] 1098
[1] 1089
[1] 428
[1] 1089
[1] 1099
[1] 1100
[1] 1101
[1] 1102
[1] 1103
[1] 1104
[1] 1105
[1] 1106
[1] 1107
[1] 1108
[1] 1109
[1] 1110
[1] 1111
[1] 1088
[1] 1088
[1] 1097
[1] 1112
[1] 1113
[1] 1114
[1] 1115
[1] 1116
[1] 1117
[1] 1118
[1] 1119
[1] 1037
[1] 1120
[1] 1121
[1] 1122
[1] 940
[1] 809
[1] 1123
[1] 1124
[1] 940
[1] 1125
[1] 1069
[1] 1122
[1] 1068
[1] 733
[1] 977
[1] 1068
[1] 1068
[1] 1126
[1] 1127
[1] 1122
[1] 1128
[1] 940
[1] 940
[1] 940
[1] 940
[1] 940
[1] 1129
[1] 1130
[1] 1131
[1] 1126
[1] 940
[1] 940
[1] 940
[1] 1132
[1] 962
[1] 962
[1] 956
[1] 1131
[1] 1131
[1] 1133
[1] 1134
[1] 1134
[1] 1134
[1] 1135
[1] 1135
[1] 1135
[1] 1135
[1] 1135
[1] 1135
[1] 1135
[1] 1135
[1] 1136
[1] 1136
[1] 1137
[1] 977
[1] 1138
[1] 1135
[1] 1136
[1] 1137
[1] 977
[1] 1135
[1] 1139
[1] 1135
[1] 1140
[1] 1136
[1] 1141
[1] 1135
[1] 1137
[1] 977
[1] 782
[1] 1142
[1] 784
[1] 783
[1] 783
[1] 1143
[1] 1144
[1] 1145
[1] 1141
[1] 1146
[1] 1135
[1] 1135
[1] 1135
[1] 1135
[1] 1135
[1] 1136
[1] 1147
[1] 698
[1] 1148
[1] 1148
[1] 1149
[1] 1150
[1] 1151
[1] 1148
[1] 1152
[1] 1153
[1] 1154
[1] 1155
[1] 915
[1] 915
[1] 915
[1] 624
[1] 914
[1] 1156
[1] 1156
[1] 914
[1] 915
[1] 915
[1] 1157
[1] 1158
[1] 1159
[1] 1160
[1] 1161
[1] 1158
[1] 1162
[1] 1162
[1] 1162
[1] 1163
[1] 1164
[1] 1165
[1] 1165
[1] 1165
[1] 1165
[1] 1165
[1] 1165
[1] 1165
[1] 850
[1] 1165
[1] 1165
[1] 1165
[1] 1165
[1] 1165
[1] 1165
[1] 1165
[1] 1165
[1] 1165
[1] 1165
[1] 1165
[1] 25
[1] 1165
[1] 1165
[1] 1165
[1] 1165
[1] 1165
[1] 275
[1] 1165
[1] 1165
[1] 1165
[1] 1165
[1] 1165
[1] 1165
[1] 1165
[1] 1165
[1] 25
[1] 1165
[1] 25
[1] 1165
[1] 1165
[1] 1165
[1] 1165
[1] 1165
[1] 1165
[1] 1165
[1] 25
[1] 680
[1] 624
[1] 1165
[1] 1165
[1] 1165
[1] 1165
[1] 25
[1] 1165
[1] 1165
[1] 1165
[1] 1165
[1] 1165
[1] 1165
[1] 1165
[1] 1165
[1] 1165
[1] 1165
[1] 1165
[1] 1165
[1] 1165
[1] 1165
[1] 1165
[1] 1165
[1] 1165
[1] 1165
[1] 1165
[1] 1165
[1] 1165
[1] 1165
[1] 1166
[1] 1167
[1] 100
[1] 678
[1] 100
[1] 1168
[1] 678
[1] 1167
[1] 1167
[1] 678
[1] 1169
[1] 1168
[1] 101
[1] 678
[1] 619
[1] 678
[1] 102
[1] 101
[1] 101
[1] 1169
[1] 1163
[1] 1167
[1] 1169
[1] 1167
[1] 1167
[1] 1170
[1] 1167
[1] 1163
[1] 1168
[1] 1168
[1] 1167
[1] 1167
[1] 1167
[1] 1167
[1] 1165
[1] 912
[1] 1171
[1] 912
[1] 912
[1] 912
[1] 1171
[1] 1166
[1] 1172
[1] 36
[1] 37
[1] 36
[1] 1172
[1] 37
[1] 36
[1] 38
[1] 36
[1] 36
[1] 1171
[1] 1171
[1] 912
[1] 1173
[1] 1174
[1] 1175
[1] 1166
[1] 1166
[1] 1166
[1] 1172
[1] 1176
[1] 1172
[1] 1176
[1] 1172
[1] 1172
[1] 1166
[1] 1166
[1] 1166
[1] 1176
[1] 275
[1] 275
[1] 275
[1] 1177
[1] 1177
[1] 1178
[1] 1179
[1] 1180
[1] 1181
[1] 1182
[1] 1183
[1] 1184
[1] 1184
[1] 624
[1] 1185
[1] 1186
[1] 404
[1] 404
[1] 850
[1] 850
[1] 850
[1] 850
[1] 850
[1] 404
[1] 404
[1] 850
[1] 850
[1] 850
[1] 850
[1] 850
[1] 850
[1] 864
[1] 1187
[1] 1188
[1] 1189
[1] 1188
[1] 1188
[1] 1187
[1] 678
[1] 318
[1] 1190
[1] 619
[1] 619
[1] 619
[1] 619
[1] 619
[1] 619
[1] 1191
[1] 1192
[1] 1193
[1] 1192
[1] 1192
[1] 1192
[1] 1194
[1] 678
[1] 1195
[1] 1196
[1] 102
[1] 102
[1] 1197
[1] 1198
[1] 1199
[1] 679
[1] 678
[1] 1200
[1] 63
[1] 63
[1] 102
[1] 1201
[1] 1202
[1] 1203
[1] 1204
[1] 1205
[1] 1206
[1] 1207
[1] 1172
[1] 1206
[1] 275
[1] 1206
[1] 1208
[1] 1184
[1] 1206
[1] 1206
[1] 1209
[1] 1206
[1] 1210
[1] 1211
[1] 1211
[1] 1211
[1] 1206
[1] 1212
[1] 1213
[1] 1206
[1] 1214
[1] 1215
[1] 1214
[1] 1214
[1] 1214
[1] 1206
[1] 1210
[1] 1216
[1] 1210
[1] 1217
[1] 1206
[1] 1210
[1] 1206
[1] 1148
[1] 1218
[1] 1219
[1] 1220
[1] 1221
[1] 275
[1] 1222
[1] 1222
[1] 1222
[1] 1222
[1] 1222
[1] 1222
[1] 1222
[1] 1222
[1] 1223
[1] 1222
[1] 1222
[1] 1222
[1] 1223
[1] 1222
[1] 1222
[1] 1222
[1] 1222
[1] 1222
[1] 1222
[1] 1222
[1] 1222
[1] 1222
[1] 1222
[1] 1222
[1] 1222
[1] 1222
[1] 1222
[1] 1222
[1] 1224
[1] 1224
[1] 1224
[1] 1224
[1] 1224
[1] 1224
[1] 1224
[1] 1224
[1] 1224
[1] 1225
[1] 1224
[1] 1224
[1] 405
[1] 404
[1] 1224
[1] 405
[1] 404
[1] 404
[1] 1224
[1] 405
[1] 1224
[1] 1224
[1] 1224
[1] 1224
[1] 1224
[1] 1224
[1] 1224
[1] 1224
[1] 1224
[1] 1224
[1] 405
[1] 404
[1] 1224
[1] 1224
[1] 1224
[1] 1224
[1] 1224
[1] 1224
[1] 1224
[1] 1224
[1] 1224
[1] 1224
[1] 1224
[1] 1224
[1] 1224
[1] 1224
[1] 1224
[1] 1224
[1] 1224
[1] 1224
[1] 1224
[1] 1224
[1] 1224
[1] 1224
[1] 1224
[1] 1224
[1] 1225
[1] 1225
[1] 1225
[1] 1225
[1] 1225
[1] 1225
[1] 1225
[1] 1225
[1] 1225
[1] 1225
[1] 1225
[1] 1226
[1] 1225
[1] 1225
[1] 1225
[1] 1227
[1] 1228
[1] 404
[1] 1225
[1] 430
[1] 404
[1] 1225
[1] 430
[1] 404
[1] 1225
[1] 430
[1] 1229
[1] 404
[1] 1225
[1] 430
[1] 1225
[1] 1230
[1] 1228
[1] 1231
[1] 1231
[1] 430
[1] 1225
[1] 1230
[1] 430
[1] 1232
[1] 59
[1] 1233
[1] 1234
[1] 1235
[1] 1236
