Cluster Number  EC1  EC2  EC3  EC4  EC5  EC6 
1 0 0 0 0 1 0 
2 0 0 0 0 1 0 
3 0 0 0 0 1 0 
4 0 0 0 1 0 0 
5 0 0 0 3 0 0 
6 0 0 0 0 1 0 
7 0 0 0 1 0 0 
8 2 0 0 0 0 0 
9 1 0 0 0 0 0 
10 2 0 0 0 0 0 
11 1 0 0 0 0 0 
12 1 0 0 0 0 0 
13 3 0 0 0 0 0 
14 3 0 0 0 0 0 
15 1 0 0 0 0 0 
16 0 1 1 0 0 0 
17 0 1 0 0 0 0 
18 0 1 0 0 0 0 
19 0 1 0 0 0 0 
20 3 0 0 0 0 0 
21 1 0 0 0 0 0 
22 0 1 0 0 0 0 
23 0 1 0 0 0 0 
24 3 0 0 0 0 0 
25 0 0 0 1 0 0 
26 0 1 0 0 0 0 
27 0 7 0 0 0 0 
28 0 1 0 0 0 0 
29 0 2 0 0 0 0 
30 0 3 1 0 0 0 
31 0 1 0 0 0 0 
32 0 1 0 0 0 0 
33 0 1 0 0 0 0 
34 0 1 0 0 0 0 
35 0 1 0 0 0 0 
36 0 0 14 5 0 0 
37 0 0 1 2 0 0 
38 1 0 0 0 0 0 
39 0 0 1 0 0 0 
40 1 0 0 0 0 0 
41 0 2 0 0 0 0 
42 0 0 1 0 0 0 
43 0 0 0 0 1 0 
44 0 0 0 2 0 0 
45 0 0 6 2 0 0 
46 0 0 0 9 0 0 
47 0 0 0 1 0 0 
48 0 0 0 1 0 0 
49 0 0 0 1 0 0 
50 1 1 0 1 7 0 
51 0 0 1 0 0 0 
52 0 0 1 0 0 0 
53 2 0 0 0 0 0 
54 1 0 0 0 0 0 
55 2 0 0 0 0 0 
56 1 0 0 0 0 0 
57 1 0 0 1 0 0 
58 1 0 0 0 0 0 
59 1 0 0 0 0 0 
60 3 0 0 0 0 0 
61 1 0 0 0 0 0 
62 1 0 0 0 0 0 
63 1 0 0 0 0 0 
64 1 0 0 0 0 0 
65 2 0 0 0 0 0 
66 1 0 0 0 0 0 
67 3 0 0 0 0 0 
68 1 0 0 0 0 0 
69 5 0 0 0 0 0 
70 2 0 0 0 0 0 
71 1 0 0 0 0 0 
72 3 0 0 0 0 0 
73 3 0 0 0 0 0 
74 9 0 0 0 0 0 
75 11 0 0 0 0 0 
76 143 0 0 0 0 0 
77 1 0 0 0 0 0 
78 6 0 0 0 0 0 
79 1 0 0 0 0 0 
80 2 1 0 0 0 0 
81 1 0 0 0 0 0 
82 10 0 0 0 0 0 
83 1 0 0 0 0 0 
84 2 0 0 0 6 0 
85 8 0 0 0 0 0 
86 6 0 0 0 0 0 
87 1 0 0 0 0 0 
88 2 0 0 0 0 0 
89 0 1 0 0 0 0 
90 0 0 0 2 0 0 
91 1 0 0 0 0 0 
92 9 0 0 0 0 0 
93 4 0 0 0 0 0 
94 2 0 0 0 0 0 
95 2 0 0 0 0 0 
96 1 0 0 0 0 0 
97 2 0 0 0 0 0 
98 2 0 0 0 0 0 
99 0 0 0 3 0 0 
100 0 0 0 1 0 0 
101 1 0 0 0 0 0 
102 0 0 0 1 0 0 
103 1 0 0 0 0 0 
104 7 0 0 0 0 0 
105 0 0 0 2 0 0 
106 0 0 0 1 0 0 
107 0 0 0 0 0 1 
108 0 0 0 1 0 0 
109 1 2 0 0 0 0 
110 4 0 0 0 0 0 
111 0 0 0 0 0 2 
112 0 0 0 0 0 2 
113 0 0 0 0 0 1 
114 0 0 0 0 0 1 
115 1 0 0 0 0 0 
116 1 0 0 0 0 0 
117 1 0 0 0 0 0 
118 1 0 0 0 0 0 
119 19 0 0 0 0 0 
120 2 0 0 0 0 0 
121 3 0 0 0 0 0 
122 61 13 0 0 0 0 
123 1 0 0 0 0 0 
124 1 0 0 0 0 0 
125 0 0 0 17 0 0 
126 1 19 0 0 4 0 
127 1 0 0 0 0 0 
128 1 0 0 0 2 0 
129 1 0 1 0 3 0 
130 4 0 0 0 0 0 
131 1 0 0 0 0 0 
132 5 0 0 0 0 0 
133 3 0 0 0 0 0 
134 0 0 10 0 0 0 
135 0 0 8 0 0 0 
136 2 0 0 0 0 0 
137 1 0 0 0 1 0 
138 0 0 1 0 0 0 
139 0 0 1 0 0 0 
140 0 0 1 0 0 0 
141 0 0 1 0 0 0 
142 1 0 0 0 0 0 
143 4 0 0 0 0 0 
144 1 0 0 0 0 0 
145 4 0 0 0 0 0 
146 3 0 0 0 2 0 
147 10 0 0 0 5 0 
148 6 0 0 0 0 0 
149 1 0 0 0 0 0 
150 0 2 0 0 0 0 
151 0 1 0 0 0 0 
152 0 2 0 0 0 0 
153 0 9 0 0 0 0 
154 0 1 0 0 0 0 
155 0 1 0 0 0 0 
156 4 0 0 0 0 0 
157 2 0 0 0 0 0 
158 1 0 0 0 0 0 
159 2 0 0 0 0 0 
160 1 0 0 0 0 0 
161 3 0 0 0 0 0 
162 1 0 0 0 0 0 
163 1 0 0 0 0 0 
164 1 68 157 1 0 6 
165 1 0 0 0 0 0 
166 0 0 0 2 0 0 
167 0 0 0 1 0 0 
168 1 0 0 0 0 0 
169 1 0 0 0 0 0 
170 0 0 0 0 0 1 
171 5 0 0 0 0 0 
172 1 0 0 0 0 0 
173 1 0 0 0 0 0 
174 3 0 0 0 0 0 
175 18 0 0 0 0 0 
176 2 0 0 0 0 0 
177 1 0 0 0 0 0 
178 4 0 0 0 0 0 
179 0 0 0 1 0 0 
180 0 1 0 0 0 0 
181 0 0 0 2 0 0 
182 0 1 0 0 0 0 
183 0 1 0 0 0 0 
184 0 1 0 0 0 0 
185 0 1 0 0 0 0 
186 0 1 1 0 0 0 
187 0 14 12 0 12 0 
188 0 2 1 0 0 0 
189 0 4 0 0 0 0 
190 0 1 0 0 0 0 
191 0 5 0 0 0 0 
192 0 1 0 0 0 0 
193 0 0 0 1 0 0 
194 0 3 0 0 0 0 
195 3 0 0 0 0 0 
196 0 0 0 1 0 0 
197 0 0 1 0 0 0 
198 0 1 0 0 0 0 
199 1 0 0 0 0 0 
200 1 0 0 0 0 0 
201 0 2 0 0 0 0 
202 0 0 0 1 0 0 
203 1 0 0 0 0 0 
204 5 0 0 0 0 0 
205 1 0 0 0 0 0 
206 11 0 0 0 0 0 
207 1 0 0 0 0 0 
208 1 0 0 0 0 0 
209 1 0 0 0 0 0 
210 1 0 0 0 0 0 
211 0 0 0 0 1 0 
212 0 1 0 0 0 0 
213 0 0 0 1 0 0 
214 0 1 0 0 0 0 
215 0 0 0 1 0 0 
216 0 0 0 1 0 0 
217 0 1 0 0 0 0 
218 0 4 0 0 0 0 
219 0 4 0 0 0 0 
220 0 1 0 0 0 0 
221 1 0 0 0 0 0 
222 1 0 0 0 0 0 
223 0 11 0 0 0 0 
224 0 1 0 0 0 0 
225 8 0 0 0 0 0 
226 1 0 0 0 0 0 
227 4 0 0 0 0 0 
228 11 0 0 0 0 0 
229 2 0 0 0 0 0 
230 1 0 0 0 0 0 
231 1 0 0 0 0 0 
232 1 0 0 0 0 0 
233 4 0 0 0 0 0 
234 1 0 0 0 0 0 
235 8 0 0 0 0 0 
236 2 0 0 0 0 0 
237 1 0 0 0 0 0 
238 1 0 0 0 0 0 
239 1 0 0 0 0 0 
240 1 0 0 0 0 0 
241 1 0 0 0 0 0 
242 1 0 0 0 0 0 
243 0 0 0 1 0 0 
244 0 0 0 1 0 0 
245 0 0 0 3 0 0 
246 0 0 0 1 0 0 
247 0 0 0 1 0 0 
248 0 0 0 1 0 0 
249 0 0 0 1 0 0 
250 0 0 0 6 0 0 
251 0 0 0 1 0 0 
252 0 0 0 1 0 0 
253 0 0 0 0 1 0 
254 0 0 0 4 0 0 
255 0 0 0 0 1 0 
256 0 0 0 0 1 0 
257 0 0 0 0 1 0 
258 0 0 0 0 1 0 
259 234 12 0 1 0 0 
260 9 0 0 0 0 0 
261 2 0 0 0 0 0 
262 1 0 0 0 0 0 
263 1 0 0 0 0 0 
264 1 0 0 0 0 0 
265 2 0 0 0 0 0 
266 1 0 0 0 0 0 
267 1 0 0 0 0 0 
268 1 0 0 0 0 0 
269 1 0 0 0 0 0 
270 2 0 0 0 0 0 
271 1 0 0 0 0 0 
272 1 0 0 0 0 0 
273 1 0 0 0 0 0 
274 1 0 0 0 0 0 
275 2 0 0 0 0 0 
276 1 0 0 0 0 0 
277 0 0 0 2 0 0 
278 0 0 1 0 5 0 
279 0 0 0 1 0 0 
280 0 0 0 1 0 0 
281 0 0 1 0 0 0 
282 0 0 0 1 0 0 
283 0 0 0 1 0 0 
284 0 0 0 1 0 0 
285 0 0 1 0 0 0 
286 0 0 1 0 0 0 
287 0 0 1 0 0 0 
288 0 0 1 0 0 0 
289 0 0 1 0 0 0 
290 0 0 17 1 0 0 
291 0 0 1 0 0 0 
292 0 0 1 0 0 0 
293 0 0 1 10 0 0 
294 0 0 2 0 0 0 
295 0 0 0 0 1 0 
296 0 2 0 0 0 0 
297 0 4 0 0 0 0 
298 0 1 0 0 0 0 
299 0 0 0 0 1 0 
300 0 2 0 0 0 0 
301 0 1 0 0 0 0 
302 0 1 0 0 0 0 
303 0 1 0 0 0 0 
304 0 3 0 0 0 0 
305 0 118 38 0 1 0 
306 0 1 0 0 0 0 
307 0 1 0 0 0 0 
308 0 20 28 0 0 0 
309 0 0 0 0 4 0 
310 0 0 0 1 0 0 
311 1 0 0 0 0 0 
312 0 0 0 0 0 21 
313 11 0 0 0 0 0 
314 14 0 0 0 0 0 
315 22 0 0 0 0 0 
316 4 0 0 0 0 0 
317 1 0 0 0 0 0 
318 9 0 0 0 0 0 
319 9 0 0 0 0 0 
320 13 0 0 0 0 0 
321 3 0 0 0 0 0 
322 1 0 0 0 0 0 
323 13 0 0 0 0 0 
324 36 0 0 0 0 0 
325 1 0 0 0 0 0 
326 1 0 0 0 0 0 
327 3 0 0 0 0 0 
328 1 0 0 0 0 0 
329 6 0 0 0 0 0 
330 4 0 0 0 5 0 
331 143 0 0 0 0 0 
332 7 0 0 0 0 0 
333 1 0 0 0 0 0 
334 24 0 0 0 0 0 
335 1 0 0 0 0 0 
336 7 0 0 0 0 0 
337 0 0 1 0 0 0 
338 14 0 0 0 0 0 
339 4 0 0 0 0 0 
340 1 0 0 0 0 0 
341 1 0 0 0 0 0 
342 1 106 57 2 0 4 
343 1 63 80 0 4 8 
344 1 0 0 0 0 0 
345 1 0 0 0 0 0 
346 1 0 0 0 0 0 
347 13 3 0 0 0 0 
348 0 0 1 0 0 0 
349 0 0 1 0 0 0 
350 0 0 1 0 0 0 
351 0 0 2 0 0 0 
352 0 0 13 0 0 0 
353 0 3 0 0 0 0 
354 1 0 0 0 0 0 
355 2 0 0 0 0 0 
356 0 0 0 2 0 0 
357 0 19 0 0 0 0 
358 0 0 0 1 0 0 
359 0 1 0 0 0 0 
360 0 0 0 0 1 0 
361 0 0 0 0 0 1 
362 0 0 0 0 1 0 
363 0 0 0 0 0 2 
364 0 0 0 1 0 0 
365 1 0 0 0 0 0 
366 1 0 0 0 0 0 
367 0 3 0 0 0 0 
368 0 2 0 0 0 0 
369 0 0 0 2 0 0 
370 2 0 0 0 0 0 
371 3 0 0 0 0 0 
372 3 0 0 0 0 0 
373 1 0 0 0 0 0 
374 9 0 0 0 0 0 
375 1 0 0 0 0 0 
376 1 0 0 0 0 0 
377 1 0 0 0 0 0 
378 0 0 0 1 0 0 
379 0 1 0 0 0 0 
380 0 15 0 0 0 0 
381 0 0 0 0 3 0 
382 0 1 0 0 0 0 
383 0 36 0 0 0 0 
384 0 2 0 0 0 0 
385 0 4 0 0 0 0 
386 0 1 0 0 0 0 
387 1 0 0 0 0 0 
388 0 3 0 0 0 0 
389 0 7 0 0 0 0 
390 2 0 0 0 0 0 
391 2 0 0 0 0 0 
392 2 0 0 0 0 0 
393 1 0 0 0 0 0 
394 18 0 0 0 0 0 
395 11 0 0 0 0 0 
396 1 0 0 0 0 0 
397 1 0 0 0 0 0 
398 1 0 0 0 0 0 
399 1 0 0 0 0 0 
400 2 0 0 0 0 0 
401 1 0 0 0 0 0 
402 1 0 0 0 0 0 
403 2 0 0 0 0 0 
404 1 0 0 0 0 0 
405 1 0 0 0 0 0 
406 0 1 0 0 0 0 
407 0 1 0 0 0 0 
408 0 1 0 0 0 0 
409 0 2 0 0 0 0 
410 0 1 0 0 0 0 
411 0 1 0 0 0 0 
412 0 1 0 0 0 0 
413 0 1 0 0 0 0 
414 0 0 0 0 1 0 
415 0 1 0 0 0 0 
416 0 1 0 0 0 0 
417 5 0 0 0 0 0 
418 1 0 0 0 0 0 
419 1 0 0 0 0 0 
420 2 0 0 0 0 0 
421 1 0 0 0 0 0 
422 1 0 0 0 0 0 
423 1 0 0 0 0 0 
424 3 0 0 0 0 0 
425 1 0 0 0 0 0 
426 5 0 0 0 0 0 
427 9 0 0 0 0 0 
428 0 0 0 1 0 0 
429 0 0 0 1 0 0 
430 0 0 0 3 0 0 
431 0 0 0 1 0 0 
432 0 0 0 3 0 0 
433 0 0 0 5 0 0 
434 1 0 0 0 0 0 
435 1 0 0 0 0 0 
436 4 0 0 0 0 0 
437 2 0 0 0 0 0 
438 3 0 0 0 0 0 
439 39 0 0 0 0 0 
440 1 0 0 0 0 0 
441 2 0 0 0 0 0 
442 1 0 0 0 0 0 
443 6 0 0 0 0 0 
444 4 0 0 0 0 0 
445 2 0 0 0 0 0 
446 1 0 0 0 0 0 
447 0 0 0 0 1 0 
448 0 0 1 0 0 0 
449 0 0 1 0 0 0 
450 0 0 2 0 0 0 
451 1 0 0 0 0 0 
452 1 0 0 0 0 0 
453 0 0 2 0 0 0 
454 0 0 0 1 0 0 
455 0 0 0 1 0 0 
456 1 0 0 0 0 0 
457 1 0 0 0 0 0 
458 2 0 0 0 0 0 
459 1 0 0 0 0 0 
460 1 0 0 0 0 0 
461 2 0 0 0 0 0 
462 1 0 0 0 0 0 
463 2 1 0 0 0 0 
464 1 0 0 0 0 0 
465 3 0 0 0 0 0 
466 1 0 0 0 0 0 
467 1 0 0 0 0 0 
468 0 124 1 0 0 0 
469 0 6 26 0 0 0 
470 0 63 0 0 0 0 
471 0 193 97 2 2 0 
472 9 0 0 0 0 0 
473 1 0 0 0 0 0 
474 31 0 0 0 0 0 
475 6 0 0 0 0 0 
476 9 0 0 0 0 0 
477 2 0 0 0 0 0 
478 2 0 0 0 0 0 
479 4 0 0 0 0 0 
480 0 0 0 1 0 0 
481 0 0 1 0 0 0 
482 4 0 0 0 0 0 
483 2 0 0 0 0 0 
484 25 0 0 0 0 0 
485 1 0 0 0 0 0 
486 1 0 0 0 0 0 
487 1 0 0 0 0 0 
488 1 0 0 0 0 0 
489 1 0 0 0 0 0 
490 1 0 0 0 0 0 
491 1 0 0 0 0 0 
492 0 0 1 4 0 0 
493 0 7 0 0 0 0 
494 0 0 1 0 0 0 
495 0 0 1 0 0 0 
496 0 0 14 0 0 0 
497 0 0 1 0 0 0 
498 0 0 1 0 0 0 
499 0 3 0 0 0 0 
500 0 0 0 1 0 0 
501 0 2 0 0 0 0 
502 1 0 0 0 0 0 
503 0 0 1 0 0 0 
504 1 0 0 0 0 0 
505 1 0 0 0 0 0 
506 1 0 0 0 0 0 
507 4 0 0 0 0 0 
508 1 0 0 0 0 0 
509 2 0 0 0 0 0 
510 1 0 0 0 0 0 
511 1 0 0 0 0 0 
512 0 1 0 0 0 0 
513 0 1 0 0 0 0 
514 1 0 0 0 0 0 
515 1 0 0 0 0 0 
516 0 0 0 3 0 0 
517 0 12 0 0 0 0 
518 0 1 0 0 0 0 
519 0 0 0 1 0 0 
520 0 0 0 1 0 0 
521 0 1 0 0 0 0 
522 0 0 0 1 0 0 
523 0 1 0 0 0 0 
524 0 0 0 1 0 0 
525 0 0 0 3 1 0 
526 0 0 0 5 0 0 
527 0 1 0 0 0 0 
528 0 0 0 4 0 0 
529 0 0 0 0 0 1 
530 3 0 0 0 0 0 
531 6 0 0 0 0 0 
532 1 0 0 0 0 0 
533 3 0 0 0 0 0 
534 2 0 0 0 0 0 
535 3 0 0 0 0 0 
536 10 0 0 0 0 0 
537 9 0 0 0 0 0 
538 4 2 0 0 0 0 
539 32 0 0 0 0 0 
540 0 1 0 0 0 0 
541 0 1 0 0 0 0 
542 0 1 0 0 0 0 
543 0 1 0 0 1 0 
544 0 1 0 0 0 0 
545 0 1 0 0 0 0 
546 0 0 0 0 1 0 
547 0 1 0 0 0 0 
548 0 0 2 0 0 0 
549 0 1 0 0 0 0 
550 0 0 0 0 0 1 
551 0 1 0 0 0 0 
552 0 1 0 0 0 0 
553 0 2 2 0 0 0 
554 0 1 0 0 0 0 
555 0 1 0 0 0 0 
556 0 3 0 0 0 0 
557 0 2 0 0 0 0 
558 0 1 0 0 0 0 
559 0 0 1 0 0 0 
560 1 0 0 0 0 0 
561 0 1 0 0 0 0 
562 0 0 0 5 0 0 
563 0 0 0 1 0 0 
564 0 0 1 0 0 0 
565 0 5 1 0 0 0 
566 0 0 0 0 1 0 
567 0 0 2 0 0 0 
568 0 1 0 1 0 0 
569 2 0 0 0 0 0 
570 1 0 0 0 0 0 
571 2 0 0 0 0 0 
572 1 0 0 0 0 0 
573 1 0 0 0 0 0 
574 1 0 0 0 0 0 
575 1 0 0 0 0 0 
576 1 0 0 0 0 0 
577 0 0 0 0 0 47 
578 17 0 0 0 0 0 
579 1 0 0 0 0 0 
580 0 1 0 0 0 0 
581 4 0 0 0 0 0 
582 6 0 0 0 0 0 
583 1 0 0 0 0 0 
584 2 0 0 0 0 0 
585 1 0 0 0 0 0 
586 4 0 0 0 0 0 
587 4 0 0 0 0 0 
588 5 0 0 0 0 0 
589 3 0 0 0 0 0 
590 2 0 0 0 0 0 
591 0 1 0 0 0 0 
592 0 4 0 0 0 0 
593 0 0 1 0 0 0 
594 2 0 0 0 0 0 
595 1 0 0 0 0 0 
596 1 0 0 0 0 0 
597 1 0 0 0 0 0 
598 1 0 0 0 0 0 
599 17 0 0 0 0 0 
600 2 0 0 0 0 0 
601 1 0 0 0 0 0 
602 0 1 0 0 0 0 
603 1 0 0 0 0 0 
604 6 0 0 0 0 0 
605 1 0 1 0 0 0 
606 0 0 0 1 0 0 
607 0 0 0 7 0 0 
608 0 0 0 8 0 0 
609 0 0 0 1 0 0 
610 0 0 0 3 0 0 
611 0 0 0 1 0 0 
612 0 0 0 1 0 0 
613 0 0 0 1 0 0 
614 0 0 0 4 0 0 
615 0 0 0 0 0 26 
616 0 2 0 0 0 0 
617 0 2 0 0 0 0 
618 0 0 0 1 0 0 
619 0 0 0 1 0 0 
620 0 0 0 1 0 0 
621 0 0 0 2 0 0 
622 0 0 0 1 0 0 
623 0 0 0 1 0 0 
624 0 1 0 0 0 0 
625 0 2 0 0 0 0 
626 0 1 0 0 0 0 
627 0 1 0 0 0 0 
628 0 2 0 0 0 0 
629 0 1 0 0 0 0 
630 0 1 0 0 0 0 
631 0 2 0 0 0 0 
632 0 1 0 0 0 0 
633 0 1 0 0 0 0 
634 0 0 0 0 1 0 
635 0 4 0 0 0 0 
636 0 1 0 0 0 0 
637 0 1 0 1 0 0 
638 0 1 0 0 0 0 
639 0 1 0 0 0 0 
640 0 1 0 0 0 0 
641 0 1 0 0 0 0 
642 0 2 0 0 0 0 
643 0 1 0 0 0 0 
644 0 24 0 1 0 0 
645 0 26 3 1 0 0 
646 2 0 0 0 0 0 
647 2 0 0 0 0 0 
648 1 0 0 0 0 0 
649 3 0 0 0 0 0 
650 1 0 0 0 0 0 
651 1 0 0 0 0 0 
652 1 0 0 0 0 0 
653 1 0 0 0 0 0 
654 1 0 0 0 0 0 
655 1 0 0 0 0 0 
656 1 0 0 0 0 0 
657 18 0 0 0 0 0 
658 2 0 0 0 0 0 
659 0 0 0 1 0 0 
660 0 1 0 0 0 0 
661 0 0 0 1 0 0 
662 0 0 0 1 0 0 
663 0 0 2 0 0 0 
664 0 0 1 0 0 0 
665 0 0 0 1 0 0 
666 0 1 0 0 0 0 
667 0 0 0 1 0 0 
668 0 0 0 20 0 0 
669 1 0 0 0 0 0 
670 1 0 0 0 0 0 
671 1 0 0 0 0 0 
672 2 0 0 0 0 0 
673 1 0 0 0 0 0 
674 1 0 0 0 0 0 
675 4 0 0 0 0 0 
676 4 0 0 0 0 0 
677 2 0 0 0 0 0 
678 1 0 0 0 0 0 
679 0 1 0 0 0 0 
680 0 0 0 1 0 0 
681 0 0 0 1 0 0 
682 0 0 0 1 0 0 
683 0 0 0 0 1 0 
684 0 0 0 7 0 0 
685 1 0 0 0 0 0 
686 1 0 0 0 0 0 
687 1 0 0 0 0 0 
688 1 0 0 0 0 0 
689 1 1 0 0 0 0 
690 1 0 0 0 0 0 
691 1 0 0 0 0 0 
692 1 0 0 0 0 0 
693 0 0 1 0 0 0 
694 1 0 0 0 0 0 
695 0 0 1 0 0 0 
696 0 0 3 0 0 0 
697 1 0 0 0 0 0 
698 5 1 0 1 0 0 
699 0 3 0 0 0 0 
700 1 0 0 0 0 0 
701 2 0 30 0 0 0 
702 1 0 0 0 1 0 
703 0 0 0 0 0 1 
704 1 0 0 0 0 0 
705 1 0 0 0 0 0 
706 4 0 0 0 0 0 
707 1 0 0 0 0 0 
708 1 0 0 0 0 0 
709 10 0 0 0 0 0 
710 1 0 0 0 0 0 
711 1 0 0 0 0 0 
712 0 0 0 0 2 0 
713 0 1 0 0 0 0 
714 0 0 1 0 0 0 
715 0 0 0 2 0 0 
716 0 0 0 0 1 0 
717 1 0 0 0 0 0 
718 0 0 0 3 0 0 
719 0 1 0 0 0 0 
720 0 1 0 0 0 0 
721 0 2 0 0 0 0 
722 1 0 0 0 0 0 
723 0 1 0 0 0 0 
724 0 1 0 0 0 0 
725 0 1 0 0 0 0 
726 0 1 0 0 0 0 
727 0 1 0 0 0 0 
728 0 1 0 0 0 0 
729 0 2 0 0 0 0 
730 1 0 0 0 0 0 
731 0 5 0 0 0 0 
732 2 0 0 0 0 0 
733 1 0 0 0 0 0 
734 1 0 0 0 0 0 
735 1 0 0 0 0 0 
736 1 0 0 0 0 0 
737 1 0 0 0 0 0 
738 4 0 0 0 0 0 
739 1 0 0 0 0 0 
740 1 0 0 0 0 0 
741 4 0 0 0 0 0 
742 0 0 13 0 0 0 
743 0 0 0 0 4 0 
744 0 0 0 1 0 0 
745 0 0 15 0 0 0 
746 0 1 0 0 0 0 
747 1 0 0 0 0 0 
748 5 0 0 0 0 0 
749 1 0 0 0 0 0 
750 10 0 0 0 0 0 
751 1 0 0 0 0 0 
752 1 0 0 0 0 0 
753 1 0 0 0 0 0 
754 1 0 0 0 0 0 
755 2 0 0 0 0 0 
756 3 0 0 0 0 0 
757 0 1 0 1 0 0 
758 0 1 0 0 0 0 
759 0 3 0 0 0 0 
760 0 1 0 0 0 0 
761 0 2 0 0 0 0 
762 0 1 0 0 0 0 
763 0 3 0 1 0 0 
764 0 7 0 2 0 0 
765 0 1 0 0 0 0 
766 0 1 0 0 0 0 
767 0 0 0 0 1 0 
768 0 1 0 0 0 0 
769 0 0 0 0 0 2 
770 1 0 0 0 0 0 
771 2 0 0 0 0 0 
772 1 0 0 0 0 0 
773 1 0 0 0 0 0 
774 1 0 0 0 0 0 
775 1 0 0 0 0 0 
776 1 0 0 0 0 0 
777 1 0 0 0 0 0 
778 1 0 0 0 0 0 
779 1 0 0 0 0 0 
780 1 0 0 0 0 0 
781 1 0 0 0 0 0 
782 1 0 1 62 0 0 
783 1 0 0 0 0 0 
784 3 0 0 0 0 0 
785 2 0 0 0 0 0 
786 1 0 0 0 0 0 
787 1 0 0 0 0 0 
788 1 0 0 0 0 0 
789 8 0 0 0 0 0 
790 3 0 0 0 0 0 
791 2 0 0 0 0 0 
792 2 0 0 0 0 0 
793 1 0 0 0 0 0 
794 2 0 0 0 0 0 
795 7 0 0 0 0 0 
796 2 0 0 0 0 0 
797 4 0 0 0 0 0 
798 1 0 0 0 0 0 
799 0 0 0 0 7 0 
800 1 0 0 0 0 0 
801 0 0 2 0 0 0 
802 0 1 0 0 0 0 
803 0 2 3 0 0 0 
804 0 12 0 44 0 0 
805 0 1 0 0 0 0 
806 0 1 2 0 0 0 
807 0 1 0 0 0 0 
808 58 0 0 0 0 0 
809 22 0 0 0 0 0 
810 3 0 0 0 0 0 
811 2 0 0 0 0 0 
812 1 0 0 0 0 0 
813 1 1 0 1 0 0 
814 35 0 0 0 0 0 
815 2 0 0 0 0 0 
816 31 0 0 0 0 0 
817 1 0 0 0 0 0 
818 0 4 0 0 0 0 
819 0 2 0 0 0 0 
820 0 1 0 0 0 0 
821 0 13 0 0 0 0 
822 1 0 0 0 0 0 
823 1 0 0 0 0 0 
824 0 3 0 0 0 0 
825 0 1 0 0 0 0 
826 4 0 0 0 0 0 
827 1 0 0 0 0 0 
828 3 0 0 0 0 0 
829 1 0 0 0 0 0 
830 2 0 0 0 0 0 
831 1 0 0 0 0 0 
832 1 0 0 0 0 0 
833 1 0 0 0 0 0 
834 0 0 1 0 0 0 
835 1 0 0 0 0 0 
836 1 0 0 0 0 0 
837 18 0 0 1 0 0 
838 2 0 0 0 0 0 
839 1 0 0 0 0 0 
840 1 0 0 0 0 0 
841 2 0 0 0 0 0 
842 6 0 0 0 0 0 
843 2 0 0 0 0 0 
844 1 0 0 0 0 0 
845 0 0 7 0 0 0 
846 0 0 1 0 0 0 
847 0 0 1 0 0 0 
848 0 0 1 0 0 0 
849 0 0 1 0 0 0 
850 0 0 1 0 0 0 
851 0 0 1 2 0 0 
852 0 0 1 0 0 0 
853 0 0 0 1 0 0 
854 0 0 1 0 0 0 
855 0 0 1 0 0 0 
856 0 0 1 0 0 0 
857 0 0 0 1 0 0 
858 0 0 0 1 0 0 
859 0 0 0 1 0 0 
860 0 0 0 1 0 0 
861 0 0 0 1 0 0 
862 0 0 1 0 0 0 
863 0 0 0 1 0 0 
864 0 0 0 1 0 0 
865 0 0 0 0 1 0 
866 0 0 1 0 0 0 
867 0 0 1 0 0 0 
868 0 0 0 1 0 0 
869 0 0 0 1 0 0 
870 0 0 1 0 0 0 
871 0 0 0 1 0 0 
872 0 0 0 1 0 0 
873 0 0 0 1 0 0 
874 1 0 0 0 0 0 
875 0 1 0 0 0 0 
876 0 3 0 0 0 0 
877 0 3 3 0 0 0 
878 0 1 0 0 0 0 
879 0 39 11 0 0 0 
880 0 1 0 0 0 0 
881 0 1 0 0 0 0 
882 0 2 0 0 0 0 
883 0 1 0 0 0 0 
884 0 1 0 0 0 0 
885 0 0 0 1 0 0 
886 0 0 0 1 0 0 
887 213 0 0 0 0 0 
888 0 0 0 2 0 0 
889 0 0 0 1 0 0 
890 0 0 1 0 0 0 
891 0 0 22 0 0 0 
892 0 0 2 0 0 0 
893 0 0 1 0 0 0 
894 0 0 3 0 0 0 
895 0 1 0 0 0 0 
896 0 0 1 0 0 0 
897 0 0 1 11 0 0 
898 0 0 1 0 0 0 
899 0 0 7 0 0 0 
900 0 0 0 1 0 0 
901 0 1 0 0 0 0 
902 0 0 0 1 0 0 
903 0 0 0 1 0 0 
904 0 1 0 0 0 0 
905 0 0 0 0 1 0 
906 0 0 0 1 0 0 
907 0 1 0 0 0 0 
908 0 0 0 1 0 0 
909 0 0 0 1 0 0 
910 1 0 0 0 0 0 
911 1 0 0 0 0 0 
912 1 0 0 0 0 0 
913 1 0 0 0 0 0 
914 1 0 0 0 0 0 
915 1 0 0 0 0 0 
916 1 0 0 0 0 0 
917 2 0 0 0 0 0 
918 0 1 0 0 0 0 
919 0 1 0 0 0 0 
920 0 1 0 0 0 0 
921 0 2 0 0 0 0 
922 0 3 0 1 0 0 
923 0 2 0 0 0 0 
924 1 0 0 0 0 0 
925 1 0 0 0 0 0 
926 3 0 0 0 0 0 
927 1 0 0 0 0 0 
928 11 0 0 0 0 0 
929 9 0 0 0 0 0 
930 1 0 0 0 0 0 
931 1 0 0 0 0 0 
932 2 0 0 0 0 0 
933 1 0 0 0 0 0 
934 0 1 0 0 0 0 
935 0 1 0 0 0 0 
936 0 1 0 1 0 0 
937 0 2 4 0 0 0 
938 0 3 0 0 0 0 
939 0 1 0 0 0 0 
940 4 0 0 0 0 0 
941 1 0 0 0 0 0 
942 0 0 1 0 0 0 
943 0 0 1 2 0 0 
944 0 0 0 1 0 0 
945 0 0 0 0 3 0 
946 0 0 0 1 0 0 
947 0 0 0 1 0 0 
948 0 0 0 1 0 0 
949 0 0 0 1 0 0 
950 0 0 0 2 0 0 
951 0 0 0 1 0 0 
952 0 0 0 1 0 0 
953 0 0 0 1 0 0 
954 0 0 0 2 0 0 
955 0 0 0 1 0 0 
956 1 0 0 0 0 0 
957 1 0 0 0 0 0 
958 0 0 0 1 0 0 
959 9 0 0 0 0 0 
960 1 0 0 0 0 0 
961 2 0 0 0 0 0 
962 2 0 0 0 0 0 
963 2 0 0 0 0 0 
964 1 0 0 0 0 0 
965 1 0 0 0 0 0 
966 2 0 0 0 0 0 
967 1 0 0 0 0 0 
968 0 0 0 1 0 0 
969 0 0 0 1 0 0 
970 0 0 0 1 0 0 
971 0 0 0 3 0 0 
972 0 12 0 0 8 0 
973 0 1 0 0 1 0 
974 0 0 0 1 0 0 
975 0 0 0 1 0 0 
976 0 4 0 0 0 0 
977 0 1 0 0 0 0 
978 0 1 1 0 0 0 
979 0 3 0 0 0 0 
980 0 1 0 0 0 0 
981 0 1 0 0 0 0 
982 0 1 0 0 0 0 
983 0 3 0 0 0 0 
984 8 0 0 0 0 0 
985 4 0 0 0 0 0 
986 1 0 0 0 0 0 
987 3 0 0 0 0 0 
988 6 0 0 0 0 0 
989 1 0 0 0 0 0 
990 2 0 0 0 0 0 
991 1 0 0 0 0 0 
992 0 0 0 1 0 0 
993 0 0 0 2 0 0 
994 8 0 0 0 0 0 
995 7 0 0 0 0 0 
996 0 3 0 0 0 0 
997 4 1 0 82 0 1 
998 2 0 0 0 0 0 
999 0 0 0 0 1 0 
1000 1 0 0 0 0 0 
1001 6 0 0 0 0 0 
1002 1 0 0 0 0 0 
1003 3 0 0 0 0 0 
1004 1 0 0 0 0 0 
1005 2 0 0 0 0 0 
1006 1 0 0 0 0 0 
1007 1 0 0 0 0 0 
1008 1 0 0 0 0 0 
1009 1 0 0 0 0 0 
1010 1 0 0 0 0 0 
1011 2 0 0 0 2 0 
1012 2 0 0 0 0 0 
1013 2 0 0 0 0 0 
1014 1 0 0 0 0 0 
1015 2 0 0 0 0 0 
1016 2 0 0 0 0 0 
1017 2 0 0 0 0 0 
1018 0 0 1 0 0 0 
1019 0 1 0 0 0 0 
1020 0 0 8 0 0 0 
1021 0 0 2 0 0 0 
1022 0 0 0 0 4 0 
1023 0 2 0 0 0 0 
1024 0 0 1 0 0 0 
1025 0 0 1 0 0 0 
1026 0 0 1 0 0 0 
1027 0 0 2 1 0 0 
1028 0 0 1 0 0 0 
1029 0 2 0 0 0 0 
1030 0 0 1 0 0 0 
1031 0 0 2 0 0 0 
1032 1 0 0 0 0 0 
1033 2 0 0 0 0 0 
1034 2 0 0 0 0 0 
1035 1 0 0 0 0 0 
1036 1 0 0 0 0 0 
1037 1 0 0 0 0 0 
1038 2 0 0 0 0 0 
1039 1 0 0 0 0 0 
1040 0 1 0 0 0 0 
1041 4 0 0 0 0 0 
1042 1 0 0 0 0 0 
1043 0 19 0 0 0 0 
1044 0 0 0 0 2 0 
1045 0 1 0 0 0 0 
1046 0 0 0 0 1 0 
1047 0 1 0 0 0 0 
1048 0 0 4 0 0 0 
1049 13 0 0 0 0 0 
1050 1 0 0 10 0 0 
1051 2 0 0 0 0 0 
1052 0 0 3 0 0 0 
1053 0 0 1 0 0 0 
1054 5 0 0 0 0 0 
1055 7 0 0 0 0 0 
1056 2 3 0 0 0 0 
1057 1 0 0 0 0 0 
1058 3 0 0 0 0 0 
1059 1 0 0 0 0 0 
1060 1 0 0 0 0 0 
1061 1 0 0 0 0 0 
1062 1 0 0 0 0 0 
1063 4 0 0 0 0 0 
1064 0 1 0 0 0 0 
1065 2 0 0 0 0 0 
1066 2 0 0 0 0 0 
1067 1 0 0 0 0 0 
1068 2 0 0 0 0 0 
1069 1 0 0 0 0 0 
1070 2 0 0 0 0 0 
1071 1 0 0 0 0 0 
1072 1 0 0 0 0 0 
1073 0 0 8 0 0 0 
1074 0 22 0 0 0 0 
1075 0 45 0 0 0 0 
1076 0 2 0 0 0 0 
1077 0 1 0 0 0 0 
1078 0 1 0 0 0 0 
1079 0 1 0 0 0 0 
1080 0 7 0 0 0 0 
1081 0 1 0 0 0 0 
1082 0 3 0 0 0 0 
1083 0 1 0 0 0 0 
1084 0 3 0 0 0 0 
1085 0 0 0 1 0 0 
1086 0 2 0 0 0 0 
1087 0 21 1 0 0 0 
1088 0 1 1 0 0 0 
1089 0 3 0 0 0 0 
1090 0 18 0 0 0 0 
1091 0 0 0 0 1 0 
1092 0 1 0 0 0 0 
1093 0 0 0 0 1 0 
1094 0 0 0 0 4 0 
1095 0 0 1 0 0 0 
1096 0 0 0 1 0 0 
1097 0 0 0 1 0 0 
1098 0 0 0 1 0 0 
1099 0 0 0 0 1 0 
1100 0 0 0 0 66 0 
1101 0 0 0 4 0 0 
1102 0 0 0 1 0 0 
1103 0 0 0 4 0 0 
1104 0 0 0 0 1 0 
1105 0 0 0 1 0 0 
1106 0 0 0 0 8 0 
1107 1 0 0 0 0 0 
1108 1 0 0 0 0 0 
1109 0 12 26 2 0 0 
1110 0 1 0 0 0 0 
1111 0 1 0 0 0 0 
1112 0 3 0 0 0 0 
1113 0 2 0 0 0 0 
1114 0 4 8 0 0 0 
1115 2 0 0 0 0 0 
1116 2 0 0 0 0 0 
1117 1 0 0 0 0 0 
1118 1 0 0 0 0 0 
1119 1 0 0 0 0 0 
1120 1 0 0 0 0 0 
1121 1 0 0 0 0 0 
1122 1 0 0 0 0 0 
1123 0 3 0 0 0 0 
1124 1 0 0 0 0 0 
1125 4 0 0 0 0 0 
1126 2 0 0 0 0 0 
1127 4 0 0 0 0 0 
1128 1 0 0 0 0 0 
1129 1 0 0 0 0 0 
1130 1 0 0 0 0 0 
1131 2 0 0 0 0 0 
1132 3 0 0 0 0 0 
1133 1 0 0 0 0 0 
1134 0 0 0 1 0 0 
1135 0 0 0 1 0 0 
1136 0 0 0 1 0 0 
1137 0 0 0 1 0 0 
1138 0 0 0 1 0 0 
1139 0 0 0 1 0 0 
1140 0 0 0 3 0 0 
1141 0 0 0 1 0 0 
1142 0 0 0 0 1 0 
1143 0 0 0 7 0 0 
1144 0 0 0 0 3 0 
1145 0 0 0 1 0 0 
1146 0 0 0 1 0 0 
1147 1 0 0 0 0 0 
1148 0 0 0 0 1 0 
1149 0 0 0 44 0 0 
1150 0 7 0 1 0 0 
1151 0 1 0 0 0 0 
1152 0 1 0 0 0 0 
1153 1 0 0 0 0 0 
1154 0 1 0 0 0 0 
1155 0 1 0 0 0 0 
1156 0 1 0 0 0 0 
1157 0 1 0 0 0 0 
1158 0 0 0 1 0 0 
1159 0 0 0 1 0 0 
1160 0 0 0 0 11 0 
1161 0 1 0 0 0 0 
1162 0 9 0 1 0 0 
1163 2 0 0 0 0 0 
1164 1 0 0 0 0 0 
1165 1 0 0 0 0 0 
1166 9 0 0 0 0 0 
1167 1 0 0 0 0 0 
1168 1 0 0 0 0 0 
1169 1 0 0 0 0 0 
1170 1 0 0 0 0 0 
1171 1 0 0 0 0 0 
1172 1 0 0 0 0 0 
1173 0 0 0 0 1 0 
1174 0 0 0 0 11 0 
1175 1 0 0 0 0 0 
1176 1 0 0 0 0 0 
1177 0 0 0 0 1 0 
1178 0 0 0 0 1 0 
1179 0 0 0 0 1 0 
1180 0 0 0 0 3 0 
1181 0 0 11 0 0 0 
1182 0 0 0 1 0 0 
1183 0 64 0 0 0 0 
1184 1 0 0 0 0 0 
1185 0 3 0 0 0 0 
1186 0 2 2 0 0 0 
1187 0 0 1 0 0 0 
1188 4 0 0 0 0 0 
1189 0 0 0 0 4 0 
1190 1 0 0 0 0 0 
1191 8 0 0 0 0 0 
1192 1 0 0 0 0 0 
1193 1 0 0 0 0 0 
1194 1 0 0 0 0 0 
1195 1 0 0 0 0 0 
1196 2 0 0 0 0 0 
1197 8 0 0 0 0 0 
1198 11 0 0 0 0 0 
1199 3 0 0 0 0 0 
1200 0 0 0 1 0 0 
1201 0 1 0 0 0 0 
1202 0 0 0 1 0 0 
1203 0 0 0 1 0 0 
1204 22 0 0 0 0 0 
1205 0 0 0 1 0 0 
1206 0 0 0 1 0 0 
1207 0 1 0 0 0 0 
1208 0 0 0 1 0 0 
1209 0 0 0 1 0 0 
1210 0 0 0 0 1 0 
1211 0 0 0 0 3 0 
1212 0 0 0 0 1 0 
1213 0 0 0 0 1 0 
1214 0 0 0 0 3 0 
1215 1 0 0 0 0 0 
1216 1 0 0 0 0 0 
1217 1 0 0 0 0 0 
1218 1 0 0 0 0 0 
1219 1 0 0 0 0 0 
1220 2 0 0 0 0 0 
1221 3 0 0 0 0 0 
1222 4 0 0 0 0 0 
1223 35 0 0 0 0 0 
1224 1 0 0 0 0 0 
1225 0 0 1 0 0 0 
1226 0 0 0 0 1 0 
1227 1 0 0 0 0 0 
1228 1 0 0 0 0 0 
1229 3 0 0 0 0 0 
1230 1 0 0 0 0 0 
1231 1 0 0 0 0 0 
1232 1 0 0 0 0 0 
1233 1 0 0 0 0 0 
1234 2 0 0 0 0 0 
1235 1 0 0 0 0 0 
1236 1 0 0 0 0 0 
